200
113 116
75 94
109 110
63 33
130 185
89 119
34 56
78 14
50 82
49 189
95 188
195 28
72 41
174 165
7 30
155 176
118 58
29 38
25 1
125 16
26 97
187 141
119 195
87 70
10 173
187 110
19 148
150 55
130 33
2 14
162 95
34 111
37 95
50 98
9 23
71 3
133 128
13 30
71 129
190 92
61 153
0 162
165 137
170 117
165 165
174 160
36 6
10 139
71 80
32 97
90 69
172 38
6 4
125 88
192 35
114 151
128 93
86 11
114 165
47 116
5 72
50 98
168 25
147 196
135 55
160 125
184 112
106 147
34 24
18 128
88 170
23 117
89 193
102 70
7 12
5 115
4 22
89 176
8 26
99 62
127 37
176 102
139 35
177 6
27 80
186 169
10 178
64 87
38 134
148 180
89 102
93 69
149 28
5 73
16 82
84 55
31 63
34 7
145 44
52 168
118 152
138 189
103 172
17 153
108 72
132 152
25 29
182 83
154 168
161 197
193 158
56 93
3 157
94 20
133 165
188 179
67 91
48 180
123 3
40 92
48 145
30 28
30 7
165 15
31 178
3 195
13 21
46 121
109 118
72 48
61 133
91 97
164 81
167 93
176 121
70 149
177 138
141 57
128 164
154 149
27 168
123 53
176 70
158 11
21 108
134 144
159 161
192 82
49 136
104 191
64 173
23 193
139 71
171 70
66 112
133 133
91 144
99 75
146 169
104 146
171 75
13 15
115 63
95 181
119 22
2 158
70 42
199 170
43 140
70 96
199 40
182 13
90 125
11 59
97 189
0 193
140 46
102 119
26 58
44 19
149 48
32 188
29 64
104 27
22 152
82 17
98 152
174 26
108 55
199 99
173 6
38 193
1 14
96 75
37 106
74 155
141 195
80 62
36 1
167 185
113 161
147 31
165 6
152 150
133 1
76 111
179 99
124 166
186 111
135 95
111 23
15 148
114 64
104 36
26 27
157 103
120 10
148 70
7 51
141 158
36 183
191 67
52 116
14 143
51 35
3 43
185 101
126 163
132 171
100 152
31 23
87 24
88 22
94 86
59 87
68 58
56 124
79 12
172 185
35 149
28 167
30 195
78 189
161 17
143 105
5 146
112 10
69 120
192 77
139 133
138 149
8 48
38 135
0 153
163 6
177 108
23 45
102 100
34 49
72 93
139 119
52 109
19 127
146 85
32 69
165 171
148 73
125 77
69 86
100 43
166 182
29 41
50 91
6 36
65 120
22 57
197 23
55 167
182 74
156 54
103 86
115 62
127 28
5 23
90 71
94 72
199 118
35 190
109 165
109 191
79 94
142 66
16 44
138 94
100 172
129 163
60 6
162 65
9 126
21 198
114 35
103 106
189 2
102 27
165 57
139 98
174 128
97 195
175 141
104 149
55 177
159 41
178 141
103 19
198 58
28 104
136 183
152 175
89 159
86 123
75 64
42 152
134 86
14 1
173 73
61 69
146 1
155 26
37 176
148 165
103 118
142 31
7 170
192 160
47 66
57 79
61 63
30 17
154 164
172 37
51 58
145 177
136 115
117 38
146 96
36 134
171 18
60 135
46 9
87 84
49 12
162 89
119 33
2 154
20 111
100 7
190 90
144 127
175 60
7 125
13 87
132 81
133 148
195 71
140 129
50 126
83 172
115 96
166 163
3 92
73 25
88 109
157 21
138 131
88 133
180 54
75 181
182 47
154 115
84 14
124 169
142 76
91 99
157 115
85 93
49 63
91 24
43 12
183 187
68 70
113 52
135 92
99 38
2 187
65 126
113 5
67 81
149 67
61 34
68 116
138 43
175 191
58 6
40 197
25 64
165 181
196 39
68 151
2 96
68 106
125 58
27 107
1 84
29 35
96 124
73 141
73 105
36 25
42 53
84 68
33 6
13 118
126 187
113 126
182 7
152 40
147 57
196 165
42 37
75 191
93 153
60 71
180 99
7 162
104 159
53 167
26 195
56 95
155 70
174 116
23 118
137 60
175 7
148 107
27 135
125 196
175 189
171 19
42 193
62 125
187 164
54 38
177 122
159 70
7 139
79 126
115 46
60 99
34 18
187 80
134 0
61 80
105 6
179 16
174 10
105 127
113 47
102 182
5 76
3 116
58 40
99 180
85 23
91 124
96 54
76 120
52 129
107 196
114 95
104 69
126 182
147 87
117 97
23 43
149 51
39 145
118 8
136 133
186 126
53 17
65 112
177 20
37 133
118 132
102 99
66 83
46 13
46 130
157 57
58 92
179 19
26 121
158 146
132 144
29 173
94 160
121 11
109 60
144 193
122 75
0 185
45 10
128 161
92 180
0 103
46 21
2 197
9 65
2 186
110 114
46 12
185 139
10 109
198 119
19 106
133 194
179 54
82 63
145 187
196 11
177 21
154 176
18 99
199 15
115 137
159 19
47 163
164 4
199 67
172 189
19 64
158 140
65 18
137 76
172 165
66 70
44 129
155 92
22 75
106 75
91 62
165 194
152 155
54 190
83 145
116 46
5 22
56 129
158 130
54 122
21 178
187 92
16 16
183 70
178 121
4 44
130 59
45 18
117 61
90 84
170 120
119 97
47 62
184 12
105 178
181 113
2 149
140 155
52 108
82 12
44 193
198 49
95 12
96 142
152 76
53 43
122 163
27 17
93 138
10 198
57 28
0 70
120 160
133 154
7 16
108 72
66 171
91 174
43 23
135 167
150 21
168 91
125 106
191 109
183 33
34 99
108 191
78 158
136 132
82 164
104 159
135 180
155 68
172 164
44 134
144 48
85 17
9 77
10 155
169 145
3 49
9 10
181 4
153 135
153 119
54 195
18 183
68 60
6 66
123 182
99 9
129 43
7 18
155 15
90 158
20 13
197 71
64 11
31 28
26 144
103 141
44 110
41 41
152 89
91 79
157 157
73 164
139 90
53 86
160 172
167 199
23 129
120 199
109 157
195 186
14 118
74 8
55 15
101 87
103 7
130 118
36 8
66 177
178 83
16 172
160 58
20 122
44 128
187 172
55 147
127 109
111 50
179 134
160 168
77 74
15 9
84 19
19 29
111 186
71 58
22 53
38 53
100 1
175 170
140 86
72 168
73 135
17 5
88 30
111 167
106 77
67 55
139 137
125 137
31 69
110 99
174 110
23 99
89 142
126 193
192 93
6 98
82 1
90 147
125 87
5 99
137 107
177 40
56 123
41 152
183 37
106 7
38 146
159 105
191 19
31 45
146 194
52 89
118 156
0 29
69 86
134 84
86 112
164 32
45 19
135 55
19 193
83 184
181 171
153 21
62 8
69 192
71 118
98 114
146 114
19 77
17 40
57 190
4 136
148 181
16 37
160 102
124 107
74 187
181 138
22 37
28 27
170 18
136 27
119 13
49 98
134 18
41 92
42 161
165 195
148 30
127 157
56 32
156 184
139 22
65 120
9 187
13 130
199 124
71 137
197 176
140 192
178 162
131 81
93 6
53 21
17 174
64 124
169 58
64 13
52 161
123 44
183 136
61 43
34 178
36 104
155 44
62 122
132 62
72 119
129 159
198 46
194 175
25 163
111 179
76 112
126 39
18 55
157 153
183 32
20 5
57 85
121 176
11 122
179 92
75 100
196 98
8 131
118 106
161 108
9 175
38 40
157 136
89 158
54 58
29 134
81 44
63 59
79 130
120 29
84 33
111 62
77 116
68 39
20 185
10 111
73 152
15 36
52 15
31 86
62 78
173 190
107 99
176 171
175 19
59 3
146 6
47 128
29 58
86 55
26 28
9 6
187 49
71 52
65 155
114 55
31 181
119 41
74 95
131 110
172 22
76 132
142 47
73 38
156 27
20 78
34 75
111 69
85 109
125 21
39 33
114 196
176 115
79 21
190 110
75 43
57 4
82 146
184 103
186 109
191 134
123 139
139 164
189 86
92 28
119 197
127 158
127 165
32 89
151 187
97 60
34 155
102 82
188 184
13 136
79 48
66 99
171 151
165 9
92 115
172 125
180 99
110 49
53 135
20 150
5 78
166 59
102 188
146 172
55 43
32 7
131 21
41 6
13 97
85 39
164 51
134 89
134 104
87 159
54 109
152 155
111 171
115 52
172 126
90 177
109 12
178 134
107 118
176 55
0 4
107 63
91 124
34 1
79 53
179 33
51 69
175 39
78 79
66 167
101 135
183 30
164 190
55 153
198 86
40 29
64 51
192 157
11 73
74 71
160 123
120 30
197 58
27 149
56 93
115 164
53 100
182 179
5 5
135 124
116 137
54 61
132 6
71 110
116 154
70 176
122 118
183 77
81 113
117 140
106 181
26 174
32 193
130 59
77 159
67 21
106 14
124 165
24 29
38 86
40 16
19 89
83 45
185 135
163 36
161 173
107 183
33 96
191 152
81 196
15 142
53 49
151 80
40 152
115 193
170 16
54 157
151 139
192 113
146 39
168 199
140 157
108 135
37 51
138 122
114 198
87 93
39 73
97 128
131 134
174 59
58 37
90 103
94 194
53 142
138 122
198 50
32 199
110 146
12 152
81 110
193 30
98 59
108 38
21 66
132 44
114 157
177 8
58 179
171 163
85 146
156 167
5 59
89 123
0 54
161 27
50 101
82 10
128 120
120 199
178 135
88 55
110 148
24 77
96 12
75 145
67 184
157 188
43 13
136 45
126 153
124 118
98 150
53 6
123 164
74 177
194 170
92 46
127 122
83 138
56 24
66 77
98 127
57 44
144 48
135 185
167 71
111 73
28 169
115 92
93 181
2 71
44 6
62 118
158 114
193 71
5 164
32 62
81 38
18 65
183 131
109 189
195 90
82 136
18 9
145 66
98 56
79 145
99 79
166 192
167 173
168 151
31 132
146 84
24 128
32 42
92 170
1 123
10 40
22 53
34 179
94 130
80 168
30 95
110 188
96 108
94 45
24 50
8 189
142 34
152 198
104 20
90 149
75 41
106 144
57 128
93 189
165 88
181 128
14 106
183 96
76 180
43 120
46 180
103 38
114 48
20 8
70 63
181 89
135 59
53 76
80 192
81 17
38 41
77 159
77 145
93 85
170 24
49 196
7 39
198 51
54 97
174 98
7 98
87 160
168 67
179 191
84 173
135 150
53 23
126 199
160 134
61 186
142 85
114 81
41 122
78 42
77 171
27 60
165 101
172 158
61 55
125 86
56 29
119 124
40 184
58 141
27 19
187 3
30 142
28 150
47 129
159 104
123 125
66 185
35 12
157 30
18 81
99 195
24 3
104 158
174 42
63 162
155 89
152 26
70 117
71 128
38 172
37 122
68 35
82 160
170 6
12 185
62 16
199 63
137 45
173 138
139 188
25 159
79 101
58 118
0 138
117 147
17 116
157 85
157 197
43 100
12 184
58 191
61 122
197 162
131 84
151 35
100 77
88 1
149 106
187 119
85 137
18 18
106 51
56 66
90 65
65 194
78 52
31 107
79 56
191 139
67 191
107 73
170 191
95 159
82 30
31 138
121 187
116 47
174 58
147 169
99 168
113 153
55 137
177 39
128 165
136 101
131 80
136 177
102 2
155 123
90 122
6 93
72 114
125 172
153 121
80 71
136 155
94 130
176 145
165 28
39 176
25 73
33 107
191 51
123 53
0 179
94 165
156 41
140 93
68 169
153 150
151 41
151 96
198 155
162 88
29 187
135 38
175 23
122 183
114 159
178 146
98 194
15 162
64 184
145 96
133 31
116 162
173 89
44 53
199 95
163 22
166 151
23 2
189 168
25 147
40 193
175 98
119 147
29 103
122 123
169 196
160 71
77 154
186 39
28 184
86 92
154 45
81 21
28 40
145 128
152 142
94 177
143 152
170 158
45 191
102 0
27 185
112 28
176 194
125 13
31 65
98 3
19 4
95 55
190 19
99 89
14 175
195 44
155 65
65 173
80 175
21 59
97 42
63 81
55 117
30 191
14 150
162 124
88 49
44 189
68 8
42 180
58 78
171 7
35 132
75 161
40 84
22 106
82 195
53 195
128 171
67 49
65 110
148 89
11 111
141 39
106 79
164 124
51 66
177 193
191 52
46 117
71 13
112 110
161 70
145 46
38 46
45 173
127 69
19 82
113 26
68 124
75 67
197 22
88 154
19 85
3 149
24 175
122 119
90 190
80 155
172 49
85 21
156 152
70 128
4 38
80 59
150 101
174 9
64 74
152 35
82 125
113 103
28 78
186 131
145 32
49 51
21 133
148 154
52 135
73 101
71 182
96 126
117 196
19 77
25 89
174 177
140 123
5 43
60 20
9 66
137 146
137 31
130 101
98 123
102 119
6 104
17 71
105 72
14 7
154 79
177 53
91 97
177 63
130 113
131 26
11 78
84 109
82 43
24 69
72 123
109 6
128 160
93 142
9 84
99 176
143 31
96 87
45 74
186 121
55 18
16 5
195 3
136 146
142 105
130 93
152 97
141 161
99 180
66 184
89 126
156 135
171 9
9 175
155 41
63 23
29 17
146 62
51 40
24 177
41 81
115 37
70 82
30 16
16 80
51 115
174 148
1 163
110 172
185 46
109 115
95 45
119 162
179 9
4 195
116 8
125 1
164 171
42 121
179 48
6 101
49 125
155 128
30 72
9 147
91 115
39 159
95 135
87 152
169 21
167 140
75 98
53 161
198 63
195 168
155 189
8 194
194 145
149 34
69 176
172 66
111 89
81 10
155 104
134 28
77 72
183 170
35 34
74 68
99 184
66 133
175 144
5 178
38 110
155 125
81 2
72 50
11 197
151 60
6 168
75 26
68 116
71 188
94 45
164 174
132 65
9 42
66 129
91 176
142 87
48 102
106 111
118 147
29 114
108 111
127 109
59 6
107 96
3 120
38 6
191 102
142 110
4 42
43 169
22 41
64 154
64 116
95 194
189 51
75 62
58 89
76 109
148 188
175 34
133 59
15 154
0 57
96 193
166 30
149 194
86 11
83 169
2 123
172 156
117 56
114 28
97 105
67 71
189 132
93 131
180 27
148 52
190 89
174 6
145 80
116 10
83 43
38 89
48 186
35 119
143 100
17 4
115 151
65 101
39 13
46 4
83 170
184 33
135 151
122 84
138 136
106 179
90 19
84 158
109 181
175 73
126 186
1 59
57 26
161 154
121 54
179 145
46 170
95 171
88 169
144 171
169 57
34 157
21 31
189 181
78 170
51 105
85 80
76 54
76 142
36 192
44 9
20 24
65 178
135 82
84 17
69 40
153 62
16 118
73 48
96 99
22 93
191 43
126 178
167 73
23 46
99 194
190 131
51 189
143 25
13 186
198 194
28 194
136 198
77 49
136 27
159 32
165 72
186 76
168 68
144 154
39 6
117 123
4 131
85 36
136 42
6 132
148 167
181 124
20 61
107 18
26 96
41 197
46 42
66 64
44 124
7 82
44 171
3 49
184 98
81 115
116 162
39 95
17 141
74 100
32 170
80 177
40 117
106 123
45 115
158 138
22 120
54 66
8 95
130 38
173 116
182 38
154 40
145 78
34 25
52 54
50 111
132 179
170 173
107 188
63 0
133 45
101 51
124 95
132 168
116 25
188 2
92 81
179 46
13 94
98 70
197 168
145 6
47 158
100 75
77 17
46 167
49 102
47 132
125 119
10 65
60 87
68 40
54 1
160 1
118 32
77 15
79 51
184 147
72 186
130 176
85 37
144 66
148 37
77 46
140 93
121 12
144 152
25 19
21 141
20 68
81 43
10 184
174 150
23 98
115 137
85 11
59 23
134 89
79 70
19 16
151 10
191 31
4 147
19 195
154 11
161 150
70 148
10 184
6 65
118 43
159 61
79 38
179 19
7 112
19 53
134 39
61 53
133 70
144 108
140 193
35 53
177 67
122 175
170 10
21 162
124 79
70 170
32 1
105 103
139 5
47 97
133 48
38 103
5 142
39 56
66 69
166 171
194 4
189 60
146 95
178 137
159 90
88 138
13 123
88 27
108 17
124 19
116 185
83 44
171 64
2 11
53 27
136 167
199 93
87 80
135 25
137 102
69 101
50 102
40 172
49 118
76 146
7 77
193 179
86 124
146 80
119 50
70 98
37 133
90 110
181 128
47 146
119 62
46 128
179 109
93 127
180 89
95 111
20 0
51 0
108 146
102 100
107 98
119 113
14 175
30 156
10 31
75 21
55 95
93 191
78 95
13 37
49 198
33 160
104 117
75 79
41 134
135 118
79 86
101 172
155 156
184 63
100 133
97 105
121 151
67 166
112 17
81 106
1 16
45 130
171 135
17 50
36 191
173 126
24 36
83 29
70 68
15 37
178 28
46 174
199 6
62 167
188 51
129 115
25 31
89 93
43 54
59 150
116 136
43 167
37 180
155 95
64 5
26 125
82 101
191 153
93 135
76 89
126 16
133 40
157 150
75 175
65 48
128 185
50 120
187 38
21 34
5 64
121 24
130 27
192 199
108 96
199 85
192 34
126 30
197 105
146 175
137 59
70 10
138 45
113 37
22 4
96 52
70 57
143 71
170 18
43 104
16 194
43 53
61 108
195 63
56 46
189 78
28 165
77 169
186 168
134 97
65 23
70 2
190 62
30 139
7 77
93 170
133 91
59 148
194 112
131 92
93 69
108 140
150 26
147 5
60 199
11 80
54 15
20 154
97 101
61 54
0 56
157 24
87 15
95 182
126 113
105 9
65 16
89 163
100 178
29 119
84 19
118 129
51 103
176 96
81 141
133 46
1 37
84 35
9 21
22 48
27 147
129 95
179 137
52 169
1 20
165 4
89 166
132 150
76 78
101 126
73 77
19 165
117 94
175 64
99 111
32 119
19 15
147 146
41 92
84 3
113 22
150 173
77 152
150 161
21 70
8 12
104 145
136 129
131 165
197 90
110 125
163 102
75 81
78 103
21 71
113 102
75 153
84 6
40 169
98 128
23 167
154 82
73 156
155 70
119 3
121 132
79 46
54 186
175 48
9 83
134 176
174 111
12 50
56 133
140 68
151 116
166 92
195 30
59 67
94 87
6 41
61 104
140 88
6 115
117 111
113 72
103 64
100 25
194 32
19 101
78 130
39 141
2 131
167 53
150 155
38 68
75 57
112 114
3 83
76 111
54 30
153 53
84 198
127 147
194 80
179 2
84 40
70 134
138 126
128 15
22 54
45 57
98 133
185 83
29 85
157 74
182 135
117 25
7 46
83 148
51 159
10 127
135 117
186 111
57 153
188 112
184 117
54 6
48 104
102 129
20 183
181 17
63 117
118 127
44 184
114 193
1 45
10 94
28 113
146 161
89 160
141 90
66 49
108 41
22 77
186 152
170 80
113 74
129 164
98 189
198 132
63 58
66 21
106 130
11 115
167 23
65 36
12 166
115 132
68 66
143 178
133 84
34 159
19 188
118 181
78 154
164 130
114 63
69 129
115 40
21 197
86 32
86 64
147 18
119 22
14 130
114 49
77 5
194 52
5 114
165 31
25 187
52 197
7 10
184 7
102 185
61 109
8 190
21 198
130 118
120 102
74 189
64 198
116 199
74 19
116 72
124 78
86 145
10 130
152 128
34 23
45 163
35 136
105 152
197 94
40 38
89 187
152 127
149 90
146 12
143 47
109 81
98 107
163 58
70 83
118 94
15 80
79 107
157 55
125 158
12 74
110 103
39 92
89 72
154 181
144 17
39 37
28 59
140 88
16 72
192 151
19 170
44 36
47 5
127 69
10 95
0 56
4 34
134 25
122 102
148 166
44 180
1 14
83 68
19 62
79 23
34 124
181 172
93 86
73 105
172 82
95 158
47 118
34 46
19 172
116 133
189 189
56 95
10 37
183 74
80 59
60 73
15 199
163 83
98 99
61 197
33 84
42 73
5 109
38 37
42 33
56 107
149 20
197 31
31 65
125 137
131 109
124 20
128 48
49 132
28 152
124 4
128 83
85 178
167 60
127 54
2 0
159 97
72 95
105 88
11 69
124 145
147 26
134 3
14 31
124 62
24 14
37 51
136 7
93 53
20 108
131 180
31 55
190 187
183 83
28 196
176 158
76 169
83 64
131 66
116 176
153 53
123 133
147 167
107 36
147 149
190 25
53 38
147 16
106 73
88 16
35 179
147 84
15 44
40 101
197 117
180 78
23 33
188 0
176 10
167 93
24 59
17 97
88 118
120 190
75 53
151 65
133 33
187 120
51 25
172 35
185 156
122 45
20 16
105 44
107 106
66 140
21 147
48 73
110 175
178 116
167 151
143 196
47 33
93 168
187 99
130 143
13 119
141 179
197 159
188 94
36 152
75 122
59 27
153 172
149 126
92 92
32 194
190 192
1 198
124 79
94 196
37 35
31 72
124 80
46 136
158 80
87 52
134 43
1 110
199 83
144 135
85 16
39 68
196 68
99 82
197 188
79 34
103 111
4 155
106 191
63 38
101 4
180 187
129 8
190 194
116 61
8 11
34 151
96 149
193 32
197 140
110 48
163 152
101 84
41 93
119 27
37 65
89 29
78 155
91 103
62 83
15 34
21 25
39 115
89 153
130 129
21 125
127 51
86 28
56 93
81 87
182 30
45 45
8 126
186 85
122 47
41 151
90 86
160 76
98 153
121 4
163 49
164 164
80 175
196 15
189 160
36 11
182 0
54 29
25 199
78 4
124 153
160 139
152 153
189 3
56 135
68 194
65 46
27 118
66 22
79 133
169 156
160 49
102 38
148 191
149 53
124 24
56 184
0 101
179 165
101 64
110 165
148 184
128 177
128 114
91 137
90 82
86 136
136 195
54 91
78 82
169 15
12 21
164 52
183 196
147 119
94 57
80 117
158 100
89 27
58 154
148 3
105 85
30 72
104 129
192 130
63 102
163 64
21 21
31 122
36 6
89 186
58 85
74 102
152 156
125 0
89 164
81 112
134 14
183 121
101 23
10 166
1 178
30 187
126 146
71 164
173 124
119 75
23 20
127 46
149 80
70 158
123 189
10 166
134 71
149 169
67 108
91 193
43 138
49 182
167 62
167 85
44 29
56 146
86 64
9 80
128 30
23 183
140 49
27 111
168 136
118 168
52 30
54 167
92 104
112 85
37 57
161 145
111 196
67 90
163 53
11 100
34 184
160 157
192 176
28 30
141 129
102 55
76 86
93 155
143 43
41 133
53 34
0 72
193 192
52 18
47 2
198 77
89 65
154 58
108 188
98 26
95 144
52 192
54 194
3 139
182 118
22 155
181 28
46 83
107 14
178 122
1 115
57 85
95 137
177 168
152 68
104 174
192 183
43 25
168 192
129 190
96 32
140 107
55 51
192 103
120 115
18 84
195 44
7 18
156 143
36 146
73 43
119 182
192 74
184 35
199 149
179 191
124 20
97 139
66 11
171 113
38 39
104 191
1 145
195 26
33 179
80 55
157 158
94 94
153 7
9 118
7 113
153 111
187 132
76 68
14 195
78 53
197 136
179 121
130 89
89 82
18 95
15 100
194 122
64 43
82 25
23 164
182 77
136 64
51 172
55 128
24 183
148 34
196 84
32 104
54 170
94 106
74 51
43 61
90 86
185 75
149 39
50 168
119 182
54 136
26 109
125 39
30 148
16 198
40 187
15 66
95 101
193 66
75 175
154 120
118 155
24 179
102 185
21 91
37 70
154 168
123 26
66 84
179 26
8 109
110 62
171 137
20 72
137 130
150 5
123 136
25 66
106 82
108 141
110 83
102 176
84 4
151 112
4 8
27 75
112 87
0 188
195 137
91 81
148 85
103 68
146 144
161 134
95 24
30 58
73 59
197 49
195 63
199 45
144 155
31 183
135 36
0 109
117 16
12 161
47 58
100 63
141 190
64 84
63 145
36 155
107 101
106 135
164 199
75 62
52 136
139 48
66 113
15 153
171 149
89 157
110 169
85 82
62 146
1 98
130 66
106 146
89 84
6 4
193 190
161 5
150 98
1 138
177 186
108 117
136 164
170 2
11 86
172 104
52 93
18 131
96 125
36 55
165 5
85 31
34 181
30 150
47 166
119 98
168 36
157 149
45 93
72 166
175 62
21 125
1 36
96 139
84 58
128 170
191 25
179 105
2 177
155 93
157 162
96 178
127 71
125 54
44 190
198 48
184 52
13 99
58 109
83 68
185 124
117 173
55 44
131 66
163 125
34 120
96 55
183 30
71 161
80 95
160 51
115 183
100 132
138 171
68 75
115 45
10 190
106 106
6 146
0 127
55 95
54 90
109 152
97 132
87 107
22 165
173 107
79 64
45 19
81 15
54 14
50 131
132 62
89 152
164 198
37 114
185 180
160 74
69 31
104 21
175 155
117 59
106 137
134 37
138 198
112 48
99 175
61 183
85 8
111 36
38 175
27 39
174 131
107 51
181 175
90 75
5 102
163 67
161 130
33 18
22 14
3 45
186 135
126 12
110 138
33 52
77 102
100 43
149 81
146 61
197 2
58 52
53 135
179 157
71 114
50 172
72 10
20 93
58 166
107 41
178 157
124 130
83 137
168 26
117 53
50 118
186 186
162 82
187 117
90 108
94 17
85 50
28 150
148 138
91 196
35 195
59 195
159 153
160 192
61 162
191 92
141 142
0 149
23 160
110 142
199 99
70 179
133 81
123 4
198 62
112 91
89 32
136 161
132 160
106 67
95 167
39 147
21 5
150 89
123 169
199 50
73 57
160 110
108 163
139 58
69 135
185 63
81 188
139 125
170 164
90 33
102 166
99 165
130 132
191 9
186 59
48 75
142 130
132 152
198 72
109 50
162 89
177 166
124 71
171 69
121 49
36 120
81 143
167 112
37 1
81 87
155 84
102 55
106 66
104 48
63 9
11 171
191 69
71 183
113 97
122 138
130 99
52 26
36 29
136 139
113 146
136 74
129 16
78 77
195 99
72 74
141 100
146 118
174 73
178 137
53 56
32 49
31 109
181 62
112 88
188 163
89 140
130 0
159 34
11 51
169 197
36 118
37 67
186 65
188 6
10 116
60 72
193 181
21 139
14 24
15 7
4 160
140 176
111 9
129 16
140 43
9 125
72 1
116 152
73 14
160 175
106 53
81 177
172 123
46 105
115 196
22 102
13 94
162 69
49 32
97 39
107 60
8 30
153 89
182 140
7 167
131 169
57 166
5 132
111 4
59 163
55 143
40 26
130 125
84 40
98 164
154 137
17 139
35 80
153 192
34 4
181 70
94 149
25 169
26 93
199 101
69 108
69 179
4 50
42 49
39 139
100 189
90 199
65 4
142 81
145 9
198 166
192 147
190 162
66 98
127 170
10 77
59 13
192 59
11 96
49 128
75 197
11 131
89 180
117 88
9 7
85 188
126 157
128 86
52 74
157 35
101 158
82 22
112 149
138 163
192 36
126 127
78 20
17 98
173 108
106 118
144 39
61 64
22 46
125 120
159 161
12 143
190 37
112 184
24 163
33 5
25 92
31 167
128 105
23 81
23 169
195 27
14 89
73 127
118 156
61 21
36 45
188 110
100 99
132 80
128 153
10 56
126 148
43 129
26 16
47 87
156 105
124 199
103 175
144 28
193 110
18 140
69 133
90 124
76 39
181 75
120 35
187 169
94 52
44 171
59 94
144 128
131 136
157 54
159 67
153 121
25 81
164 198
144 39
91 36
146 172
137 108
174 123
17 179
99 88
43 79
56 135
31 106
143 169
11 89
126 41
1 20
28 32
27 87
122 30
99 101
100 82
159 66
184 50
44 71
123 79
33 17
131 189
170 198
127 55
53 59
77 8
115 87
97 173
10 154
93 145
50 170
67 87
134 81
115 76
89 61
163 62
104 40
188 33
62 170
110 141
130 61
32 193
74 176
109 34
161 188
176 163
74 12
100 20
66 152
3 45
67 91
9 23
185 146
58 28
29 156
35 47
184 147
184 144
62 16
155 152
34 80
103 139
99 0
175 187
164 184
4 77
37 66
145 94
13 107
104 116
68 153
145 1
5 26
113 2
45 38
164 106
47 73
84 113
88 177
177 118
94 59
113 153
125 191
39 48
42 48
103 176
98 106
163 158
65 93
79 112
74 89
76 190
163 21
52 157
1 68
191 171
106 148
196 30
2 162
33 54
67 120
68 99
183 6
107 56
180 106
189 143
179 139
130 53
3 150
106 62
35 114
26 174
100 69
173 87
30 182
1 158
35 180
46 161
142 170
94 33
27 26
122 65
116 109
23 156
63 116
94 156
191 40
153 176
105 143
137 129
166 47
183 141
33 83
72 68
154 43
5 73
146 6
2 121
61 20
163 80
67 13
158 158
85 84
0 160
58 144
127 85
103 64
24 65
68 98
36 68
188 197
172 0
45 18
163 176
77 123
42 12
21 6
41 108
177 105
111 192
99 7
49 168
82 116
125 107
19 48
27 186
117 103
103 79
29 54
55 31
140 135
133 39
105 59
132 101
90 156
189 160
127 47
121 144
67 129
175 22
10 56
119 49
99 136
120 180
116 64
184 37
119 62
184 19
23 186
182 40
175 190
65 111
155 45
68 180
106 168
98 180
128 32
59 158
26 29
3 62
57 157
71 91
188 86
186 0
189 103
109 105
137 146
186 139
52 182
175 138
93 166
197 182
157 146
189 137
83 127
62 47
98 8
102 89
174 69
27 149
9 39
117 159
29 44
141 185
32 14
131 20
58 0
61 181
185 139
93 119
171 190
197 133
14 184
81 102
180 76
67 199
184 92
113 105
129 121
40 80
18 77
88 169
34 50
157 42
72 76
181 59
47 75
48 158
58 98
121 145
106 195
5 150
131 58
29 50
176 110
127 131
16 100
46 3
128 62
107 197
163 7
51 190
92 117
40 22
24 15
73 68
166 55
8 94
195 34
23 157
176 82
2 18
144 98
112 118
72 173
68 127
188 9
41 160
18 108
38 8
82 61
25 9
128 59
26 195
51 5
16 191
23 49
160 117
129 128
121 65
82 115
198 154
53 115
156 82
12 114
81 99
147 135
184 47
71 132
123 108
114 78
135 22
129 164
75 176
166 53
97 0
72 143
189 103
19 166
92 183
177 187
191 182
80 102
151 24
91 111
37 33
60 1
41 145
26 3
47 108
27 111
58 159
30 100
32 17
157 87
185 94
181 61
153 18
92 71
164 148
187 36
40 74
172 152
41 64
32 172
162 58
89 131
191 159
126 196
158 11
100 69
198 62
107 114
184 70
161 196
195 67
20 73
83 65
65 99
30 32
181 19
73 164
190 124
72 131
48 179
141 71
88 130
156 18
158 9
78 55
128 136
55 25
13 37
187 36
8 127
153 142
190 42
140 125
128 161
187 32
45 130
103 87
112 174
89 179
81 42
1 117
193 151
153 65
82 25
196 59
149 153
69 116
185 185
139 117
84 28
182 91
110 49
120 116
11 85
157 134
181 41
33 19
85 12
53 62
14 58
97 77
152 70
3 93
57 130
98 195
117 98
0 174
1 77
29 112
184 191
22 8
146 10
153 90
72 26
76 5
83 110
8 64
62 192
16 179
157 131
108 171
1 33
103 127
131 108
36 57
76 0
101 92
157 117
150 50
184 129
145 153
192 65
123 163
139 119
181 11
109 7
104 69
67 61
118 31
187 75
174 37
143 12
21 115
81 95
40 85
93 18
44 109
86 196
13 66
65 150
161 70
24 60
90 111
126 120
191 50
191 122
99 27
195 73
187 63
171 19
35 22
93 167
43 158
6 74
197 135
26 139
177 20
88 10
100 57
4 61
10 199
170 15
195 141
149 192
108 66
195 158
100 174
148 148
109 33
32 152
36 55
40 102
62 125
102 22
104 86
44 8
81 185
37 39
62 126
97 156
76 182
92 134
193 155
42 28
182 154
44 38
60 65
59 16
37 61
86 198
10 171
20 38
124 186
30 131
134 189
74 35
55 196
5 113
47 120
151 51
59 105
25 59
129 182
71 8
99 3
187 14
24 29
153 184
184 124
78 89
138 8
166 68
94 145
58 143
23 123
108 22
62 185
152 177
38 142
104 15
68 41
119 151
154 77
63 151
160 123
159 172
178 94
15 126
56 117
145 104
63 147
177 19
130 37
155 147
111 65
37 85
71 7
62 10
172 172
151 95
125 49
141 142
175 116
179 144
114 198
160 132
68 23
164 109
87 2
73 53
91 174
31 61
110 186
51 10
97 159
170 90
133 178
32 52
3 185
86 180
116 133
182 55
96 132
75 140
50 3
84 4
170 118
90 28
146 31
54 30
193 16
43 171
163 116
60 114
96 33
33 195
55 148
70 9
152 45
50 47
62 76
169 1
124 155
24 30
117 90
94 170
172 170
54 11
122 86
71 112
150 8
34 60
99 78
128 5
32 69
19 2
166 99
131 151
126 114
170 94
192 104
20 128
125 188
97 189
111 8
144 60
74 97
159 109
72 14
63 166
150 62
93 164
11 97
56 194
58 174
72 173
126 75
25 8
138 1
3 22
42 89
34 93
97 0
165 85
125 34
10 66
91 140
40 165
184 62
114 117
111 152
192 50
199 193
31 116
122 186
132 4
90 46
20 181
109 186
179 97
17 56
55 102
73 161
8 57
163 137
148 101
107 85
181 162
70 113
97 147
24 162
152 184
102 20
105 98
62 93
126 158
162 167
165 129
9 187
98 170
115 12
86 105
105 80
157 71
85 160
155 104
159 41
150 83
94 127
121 100
141 84
155 134
128 177
45 179
66 159
121 105
80 145
52 133
135 41
21 102
155 136
112 95
6 14
174 151
85 26
23 34
30 5
68 192
60 57
66 126
124 192
127 186
83 150
90 146
49 25
144 185
45 63
163 63
147 58
189 52
26 64
70 148
160 109
16 6
165 122
22 143
102 9
4 18
176 62
171 67
197 131
171 18
124 58
175 58
171 100
145 30
7 90
27 170
161 36
119 62
140 28
96 129
8 117
24 161
33 9
106 95
19 163
34 60
104 72
169 138
171 179
193 15
98 9
96 17
56 189
13 176
94 172
97 151
181 183
106 56
142 118
168 161
61 42
155 1
115 181
152 101
45 143
147 106
162 170
194 189
147 121
37 42
181 164
71 151
25 139
24 75
5 32
73 150
98 83
70 186
65 155
118 159
45 174
63 64
108 88
15 9
95 37
117 157
32 25
66 154
97 147
159 96
23 129
86 81
81 87
37 174
174 109
51 108
49 21
106 131
139 123
148 105
98 71
112 28
155 197
114 157
42 59
149 198
192 89
45 47
194 43
145 104
166 57
158 42
194 59
38 90
105 35
72 115
18 16
88 9
5 47
123 75
19 70
170 140
175 193
194 175
113 16
146 161
119 94
168 50
53 56
19 160
105 36
166 57
32 44
118 169
27 174
62 52
21 148
170 151
95 10
107 182
180 121
7 184
43 51
22 86
61 176
40 193
40 29
0 188
3 131
73 179
109 156
88 173
55 69
90 145
78 12
104 103
107 78
169 78
163 93
44 97
40 35
128 24
97 182
77 15
119 130
186 18
19 68
39 111
34 25
27 59
3 155
121 195
95 28
44 33
0 117
115 102
72 56
164 76
77 198
14 58
136 196
131 126
28 107
119 43
185 20
23 165
63 117
72 88
73 178
98 79
112 52
169 72
59 77
52 159
176 90
51 61
125 92
125 173
25 139
176 150
108 43
178 80
146 54
84 113
30 82
189 43
29 135
167 112
81 138
61 76
158 45
83 171
181 134
76 134
78 44
147 79
161 34
65 127
180 66
105 195
125 118
114 181
182 105
38 24
117 155
199 156
20 136
115 196
67 184
50 10
32 165
31 95
133 21
169 79
18 183
36 15
84 63
173 175
132 171
24 106
132 119
103 141
138 150
29 4
160 180
72 127
143 188
188 125
159 124
121 92
71 147
14 147
153 85
127 87
9 21
61 73
145 12
114 18
152 79
129 133
32 115
151 178
68 185
102 141
163 160
75 164
101 124
59 165
141 183
70 137
92 118
14 171
17 107
198 39
61 92
115 126
142 35
85 87
16 186
159 20
37 154
161 177
191 89
17 188
5 149
36 10
180 197
98 189
53 126
113 72
89 188
110 165
116 166
152 115
113 118
39 187
41 85
60 43
199 171
110 195
94 98
121 172
153 50
189 98
151 33
102 19
48 52
10 15
29 160
81 54
96 39
153 64
8 81
5 66
53 194
190 153
151 13
170 106
147 95
48 181
162 103
40 22
175 96
86 190
3 32
112 24
95 103
195 73
13 87
58 19
70 7
166 81
176 67
187 91
32 25
112 19
183 178
38 194
131 120
163 193
86 188
53 145
162 193
61 66
0 53
136 87
157 24
9 142
51 74
105 106
131 31
46 56
69 102
74 84
69 130
198 38
168 108
52 179
27 30
150 4
27 123
105 73
21 162
13 159
87 180
112 138
118 55
179 28
121 117
157 50
68 65
194 63
78 61
15 9
22 125
97 134
198 43
30 28
23 175
5 115
179 36
191 37
121 66
121 7
40 38
159 118
64 86
106 151
174 46
76 23
20 173
25 46
199 29
94 93
37 109
4 180
165 181
83 105
87 100
134 103
147 199
37 193
163 106
72 60
99 160
117 13
99 81
197 180
109 3
91 140
124 128
3 2
126 5
181 41
131 169
183 163
111 3
62 20
170 195
49 70
16 10
27 194
87 46
66 13
12 65
84 58
165 106
145 46
174 154
69 182
172 23
50 44
127 173
140 74
55 175
24 33
122 99
150 169
112 26
123 1
170 67
142 181
12 23
196 196
80 146
157 128
79 48
133 51
176 97
66 180
93 112
121 49
106 139
120 73
0 52
196 184
32 46
55 189
135 167
135 176
170 43
169 75
156 67
0 130
36 158
125 135
18 167
37 148
13 196
100 89
19 83
35 179
40 120
196 151
72 5
63 185
97 11
199 17
142 187
188 64
41 168
111 113
160 77
30 182
114 77
182 104
188 56
160 100
158 94
73 57
197 20
189 11
136 53
106 75
126 194
197 41
43 72
190 31
83 115
91 122
135 167
86 188
62 7
134 115
198 21
68 137
50 89
31 116
115 79
152 91
153 104
4 146
136 178
92 67
67 57
27 60
68 149
126 197
85 168
76 57
67 127
142 0
55 127
184 136
63 194
163 197
86 34
110 27
138 9
1 77
168 68
60 199
28 166
125 106
109 127
192 179
50 46
75 28
73 147
25 95
3 85
125 117
98 13
186 89
65 171
83 61
156 45
107 150
107 167
132 9
26 76
54 110
78 177
57 35
89 85
16 183
114 46
95 101
80 141
174 95
198 149
92 56
122 135
123 138
65 24
150 74
58 39
130 177
133 137
50 148
172 145
72 115
60 25
137 145
150 141
100 160
93 41
163 7
144 110
113 109
134 157
140 113
1 1
61 170
8 5
5 37
189 25
118 174
139 163
134 58
85 134
154 89
193 192
10 59
3 140
61 170
17 146
143 90
52 126
172 95
33 158
42 35
189 35
68 124
100 134
35 21
147 160
56 142
168 193
166 156
185 31
124 189
57 129
158 59
45 65
124 3
125 165
126 66
83 120
86 11
169 112
9 88
126 15
175 100
170 45
45 144
64 134
100 175
192 162
130 132
108 148
125 140
187 37
29 38
57 113
154 185
4 15
32 103
50 85
149 24
177 54
21 180
185 12
3 77
26 80
141 36
80 57
74 123
186 85
133 25
6 15
33 46
190 177
43 73
41 132
119 185
71 91
83 133
179 89
165 13
149 58
5 22
54 186
124 18
182 93
128 104
146 130
127 152
42 84
53 133
77 100
148 59
5 126
142 102
108 5
175 191
85 30
34 77
59 105
62 91
138 103
92 199
138 117
190 198
22 152
170 194
199 46
19 93
164 90
50 25
113 155
121 86
107 157
11 40
96 166
51 134
51 42
153 149
114 137
37 106
128 25
64 189
37 199
5 148
8 102
170 199
143 142
86 78
191 10
178 88
162 87
123 34
25 198
72 117
127 145
79 165
65 179
119 69
1 142
57 53
33 187
130 13
78 51
87 21
116 48
115 115
181 43
52 92
69 12
32 150
190 6
77 55
131 27
118 42
38 174
62 160
174 105
96 88
19 121
47 72
17 156
72 24
14 97
143 86
177 75
138 22
188 128
48 181
69 179
196 180
163 112
147 131
32 142
41 167
72 39
191 157
127 46
194 23
0 97
133 36
164 139
142 105
73 180
196 108
63 58
177 65
59 190
82 121
30 199
158 36
108 34
163 35
171 104
31 4
168 100
74 2
154 122
17 113
184 20
185 42
144 17
41 159
12 19
161 178
55 152
118 39
103 9
128 183
78 126
45 185
145 67
74 101
157 142
198 29
39 12
191 60
191 99
88 127
137 88
59 184
97 113
33 142
19 75
155 30
108 72
77 124
104 65
94 10
56 145
167 111
189 117
184 73
25 0
184 146
198 165
136 12
141 4
174 20
4 180
118 50
108 59
170 71
111 140
149 130
84 182
50 106
186 84
26 51
77 41
41 185
166 144
47 139
9 21
59 127
77 37
4 161
174 11
43 164
143 88
190 42
133 83
38 135
74 156
3 99
156 178
47 106
163 191
139 171
104 68
190 171
54 163
110 109
140 166
187 171
2 12
70 195
30 102
128 56
45 115
186 188
73 141
62 64
131 168
197 15
145 75
40 60
63 11
92 125
144 60
84 99
147 168
116 37
73 104
127 160
82 150
180 97
53 151
5 127
91 178
78 196
49 105
96 78
131 99
89 39
53 62
6 26
139 3
148 85
96 91
178 22
139 118
155 40
118 27
161 131
93 69
74 121
132 76
182 157
101 94
109 85
47 55
31 36
69 187
3 180
53 100
0 85
114 167
120 69
179 143
161 104
140 130
153 104
78 143
1 130
46 115
159 140
42 51
107 55
92 25
190 29
46 122
145 136
179 93
0 133
57 9
145 139
76 35
97 97
56 8
71 90
72 151
124 38
131 60
148 119
139 48
195 92
158 89
135 41
3 168
0 19
23 84
64 83
72 163
194 101
60 177
16 48
145 82
111 171
36 56
44 26
159 118
48 149
72 146
89 89
175 39
164 138
77 168
40 1
139 58
194 163
161 79
87 199
156 77
199 105
170 156
51 199
30 114
71 175
72 121
138 39
180 66
130 135
159 59
118 11
77 103
49 7
14 137
78 160
56 129
159 56
176 82
39 198
146 119
83 79
109 12
155 77
195 157
66 157
88 142
127 47
122 68
29 154
165 182
173 160
1 52
66 142
12 45
120 70
45 118
46 60
81 100
94 176
71 185
33 53
57 136
133 190
189 96
81 31
138 44
142 144
94 4
107 129
8 180
112 77
129 181
41 180
85 75
95 143
51 35
32 169
46 70
54 10
172 138
21 166
63 143
42 192
134 8
125 75
72 194
4 170
123 167
8 175
177 115
166 177
29 158
192 136
89 61
70 170
51 97
20 120
82 54
97 150
165 7
165 174
154 91
155 43
45 198
179 28
155 121
28 29
131 162
14 29
1 29
118 18
0 142
152 134
68 44
123 198
109 117
92 121
91 133
141 122
132 129
55 13
41 198
16 108
79 120
57 105
152 61
175 196
184 104
119 7
57 180
20 8
39 66
58 59
182 170
182 27
106 170
140 145
72 94
13 117
158 181
191 124
54 102
103 163
182 18
74 50
108 115
59 13
175 83
182 36
150 29
44 188
40 95
84 108
190 120
171 112
89 23
55 20
170 68
159 163
126 6
120 50
138 175
32 14
115 75
144 110
63 2
130 188
77 153
179 77
64 158
55 46
149 113
79 121
60 119
76 131
86 0
194 144
16 175
3 193
8 66
44 44
161 164
69 55
21 111
50 163
190 68
24 49
198 72
47 55
103 161
180 170
50 96
34 3
98 130
152 178
121 25
71 128
23 191
85 91
139 73
105 89
162 35
156 188
102 100
84 177
144 71
65 57
99 33
7 101
142 76
14 169
70 42
178 197
82 108
128 112
85 96
122 110
45 32
42 43
28 86
5 33
64 175
98 61
124 174
73 165
146 120
161 133
112 71
11 102
163 88
3 39
18 104
142 185
60 7
101 23
123 151
71 152
103 105
139 179
95 106
139 128
64 76
117 0
82 103
23 25
2 81
181 17
17 4
63 9
3 70
186 56
163 11
83 22
76 39
86 6
104 60
114 122
44 90
152 85
164 125
7 94
112 30
57 133
28 50
171 77
129 71
17 142
152 99
1 40
189 45
137 58
175 27
49 37
125 156
78 164
12 24
83 160
172 89
89 86
88 124
125 106
76 160
71 66
0 15
73 135
161 172
142 40
41 145
141 101
3 19
131 126
114 198
103 0
7 66
15 58
139 124
86 90
119 133
192 175
144 36
165 35
165 129
125 160
179 69
101 189
57 35
185 90
8 168
137 60
24 183
80 37
150 185
58 176
147 43
66 162
89 150
29 25
184 96
180 22
102 97
62 145
112 103
163 102
108 52
191 43
129 99
94 36
3 15
5 61
197 133
106 71
0 58
153 68
78 115
110 179
115 21
61 187
95 197
122 117
112 50
174 82
40 181
117 110
106 41
154 2
9 20
98 118
178 24
86 7
144 18
130 187
26 135
22 85
174 194
120 108
112 92
82 48
104 179
96 181
139 94
174 181
185 91
87 34
29 16
98 42
13 174
84 144
132 169
129 31
23 108
37 164
21 181
88 120
111 156
165 107
158 35
115 113
85 28
174 193
32 109
174 74
170 155
3 100
136 190
153 136
170 57
95 21
45 175
42 128
36 61
101 12
116 141
62 20
85 100
79 124
103 148
191 182
185 188
157 50
118 12
151 140
131 130
110 193
165 143
149 51
89 27
94 193
86 108
127 171
36 79
173 103
91 106
193 162
69 51
179 96
186 174
191 128
38 164
113 178
8 88
119 30
49 134
67 99
21 120
131 143
199 24
65 122
37 81
88 85
91 138
5 191
129 105
2 195
148 83
159 199
186 49
116 28
162 155
57 95
58 88
66 23
70 199
176 164
141 58
118 175
152 185
65 72
176 43
119 143
162 59
28 138
114 144
45 39
65 52
194 138
157 27
137 50
5 173
120 71
198 51
51 151
9 18
158 180
66 31
43 142
46 46
24 103
62 37
168 6
143 187
17 196
148 39
0 133
199 11
144 84
3 165
114 28
25 104
112 147
170 131
36 9
81 55
15 171
124 55
169 9
18 41
91 30
141 6
91 95
185 14
170 194
97 34
102 88
60 97
29 122
160 99
15 169
19 136
20 64
53 145
109 121
138 61
23 25
132 109
96 172
143 179
79 145
128 18
124 150
57 176
163 113
46 179
190 16
32 68
84 78
25 148
179 30
134 9
175 134
17 65
5 29
39 51
107 116
169 63
67 93
74 19
87 74
100 3
123 186
33 161
84 86
21 70
33 154
13 151
56 44
173 178
152 95
148 113
197 7
141 1
150 34
71 17
71 72
40 121
25 37
199 152
84 144
55 175
118 22
92 182
3 103
31 2
108 125
25 82
41 108
60 162
142 168
186 122
118 2
141 2
120 124
113 190
79 128
192 24
133 78
177 176
193 198
140 126
173 75
171 136
102 138
198 22
10 40
171 91
78 149
90 81
89 75
192 159
113 101
152 103
105 97
40 28
89 42
194 192
149 52
142 156
153 102
95 177
129 191
17 104
155 136
134 41
46 56
156 187
70 50
103 143
128 172
170 131
163 121
80 51
153 188
102 27
125 137
38 16
34 50
45 11
135 175
39 143
169 15
35 40
189 138
78 77
74 171
138 54
91 105
112 136
54 195
23 59
178 152
39 187
106 154
100 37
21 96
18 18
43 88
166 15
67 194
38 61
115 52
156 161
60 67
28 184
2 186
155 76
135 31
173 32
6 184
82 36
163 105
155 142
14 135
89 84
157 32
83 138
94 136
77 123
96 178
113 36
165 27
171 140
194 167
47 7
141 177
22 25
51 145
25 108
55 39
81 28
197 34
177 199
81 182
172 170
135 62
25 147
15 180
189 27
26 192
65 140
70 133
147 31
22 120
9 185
178 152
93 152
75 101
22 22
162 152
86 114
13 187
127 159
56 116
63 40
36 192
138 125
45 164
191 119
142 155
65 81
81 108
12 50
160 157
114 67
114 136
187 161
82 90
29 77
36 193
4 31
192 12
54 157
99 89
171 26
188 198
133 92
95 133
149 77
54 135
117 192
155 91
138 82
24 50
108 173
46 22
75 92
18 162
130 120
132 145
151 71
153 43
61 169
94 89
91 141
59 78
116 159
84 23
139 103
56 153
76 122
18 89
101 103
33 92
170 6
185 71
77 160
140 59
80 193
72 176
148 19
126 0
33 34
143 117
166 133
74 20
6 149
120 84
188 70
80 73
17 148
3 146
17 139
17 58
190 160
13 135
39 155
180 197
195 154
109 33
69 98
73 27
169 38
100 110
127 121
49 4
181 134
182 62
0 43
2 11
3 124
34 117
44 105
138 84
120 120
161 188
73 80
158 28
19 150
188 111
126 62
70 76
9 190
161 168
134 29
33 185
10 131
189 32
141 177
110 111
49 182
2 111
102 156
140 111
183 47
175 124
137 20
160 66
106 4
108 69
3 36
164 196
125 64
7 84
117 72
174 92
126 37
30 17
114 24
104 114
42 174
3 169
166 38
151 170
159 14
56 15
70 150
157 192
129 129
157 139
196 171
90 6
18 53
115 138
136 79
105 19
66 96
53 99
176 30
46 114
152 45
6 59
141 136
24 48
121 197
113 46
30 43
124 85
163 130
54 6
102 167
73 176
45 136
170 75
36 21
132 174
135 72
25 16
61 29
17 109
132 16
146 53
107 198
77 3
165 73
135 85
195 120
11 145
66 77
50 103
66 159
14 63
40 136
124 157
37 36
98 155
111 62
77 126
80 32
171 159
157 111
10 4
181 106
46 96
96 178
139 101
49 8
122 165
92 53
192 110
103 171
79 147
157 138
152 112
170 101
125 127
9 81
63 113
49 121
171 71
53 165
163 177
81 191
29 112
173 24
163 100
180 71
53 108
16 183
132 152
49 192
61 71
123 110
127 39
46 1
165 128
6 68
27 14
120 29
172 52
38 173
138 109
191 30
194 57
22 161
74 167
108 81
32 112
15 179
142 11
164 71
21 106
63 191
166 85
27 95
155 145
90 190
173 115
2 146
122 85
121 148
68 155
121 117
77 116
143 18
51 165
170 57
96 60
89 83
151 185
108 10
129 91
44 68
54 48
27 114
77 64
74 157
21 104
121 192
146 181
40 195
96 36
192 45
18 92
44 134
127 39
195 104
143 54
137 150
84 17
20 187
66 198
109 147
101 152
95 30
173 98
100 8
33 20
14 5
17 43
110 42
15 184
3 4
195 4
62 94
136 174
152 138
23 25
80 199
190 152
98 72
186 175
110 76
107 10
132 59
145 18
24 71
87 55
87 181
159 138
11 124
189 3
78 199
146 100
150 124
126 173
167 180
182 110
6 173
193 61
40 106
30 63
180 35
158 173
35 196
198 26
190 129
58 47
83 24
146 182
178 176
8 31
115 157
177 3
72 104
176 141
86 123
33 47
48 32
156 58
128 132
80 70
32 130
156 130
80 78
77 197
127 152
42 73
61 72
174 177
22 189
194 12
107 135
153 25
41 20
96 38
144 116
66 22
170 77
127 144
102 97
34 41
195 175
134 82
13 112
169 117
143 153
105 142
37 70
94 23
107 23
157 20
19 41
11 181
60 105
35 97
59 147
77 14
178 181
43 113
57 168
197 54
106 133
134 51
10 57
191 85
28 91
162 195
65 156
61 41
83 13
106 142
186 175
128 20
58 67
75 120
98 60
20 24
115 196
197 19
124 22
6 171
171 70
174 196
61 63
158 43
46 26
54 68
154 55
180 16
95 195
198 44
160 17
188 64
93 161
29 48
3 176
81 194
118 27
45 44
116 118
150 166
164 146
77 17
123 14
182 146
167 108
153 167
115 154
18 40
189 99
49 110
6 48
152 91
178 154
44 113
137 133
182 113
99 53
179 88
46 6
21 102
10 188
83 99
186 26
115 185
139 116
134 173
27 89
31 39
181 56
148 131
112 60
116 40
192 129
173 91
14 0
78 190
27 34
161 129
7 181
114 53
51 192
38 62
154 39
98 8
199 169
162 35
153 199
78 157
63 187
35 160
168 194
107 38
100 184
149 84
161 108
69 174
93 111
198 121
168 28
57 0
19 47
95 96
100 116
24 140
157 161
153 0
11 142
81 74
35 190
93 97
189 110
199 22
16 126
42 162
65 197
103 125
63 7
9 55
97 197
181 96
100 9
158 87
164 115
178 90
181 71
186 67
155 3
172 139
64 67
86 75
8 106
18 139
169 154
7 6
179 128
121 126
26 167
107 3
126 133
133 147
15 74
97 177
133 132
85 92
136 115
132 30
40 132
116 65
59 190
65 74
151 161
9 68
172 146
19 194
62 82
143 87
123 97
87 130
136 186
8 87
138 155
74 2
120 16
49 54
65 128
73 147
180 14
175 63
36 30
144 48
100 81
130 192
122 118
23 41
17 188
7 199
102 92
129 132
3 55
164 137
92 63
157 62
142 103
152 178
157 35
56 86
50 135
149 198
161 183
190 79
40 50
37 77
102 117
198 119
46 48
36 82
125 52
79 40
44 144
98 59
15 24
73 138
156 63
111 12
160 154
188 181
156 1
188 41
156 33
37 164
170 169
154 119
68 48
150 3
181 120
22 193
58 109
160 99
97 62
58 60
172 119
67 45
133 83
19 161
85 6
128 178
77 94
114 129
76 130
194 87
152 101
113 153
148 7
0 130
147 199
135 195
184 55
85 130
66 124
198 173
103 125
156 120
16 78
101 128
106 14
17 56
159 9
58 14
99 139
9 119
49 97
48 18
95 47
180 13
120 45
52 31
77 85
75 61
176 81
124 150
16 30
48 64
78 27
129 105
151 104
11 6
193 104
35 73
107 152
21 87
93 98
128 58
152 134
124 155
182 4
196 92
139 75
146 191
148 67
60 156
138 167
180 86
21 124
23 27
130 4
40 13
80 75
181 115
65 91
49 67
194 1
33 41
14 158
154 149
96 1
57 91
99 50
139 136
125 8
68 49
83 112
135 43
194 124
198 66
191 112
132 163
130 152
39 115
60 22
172 64
78 127
111 167
9 3
38 101
19 151
94 72
161 164
140 96
198 138
105 135
136 19
178 158
57 19
131 199
63 118
128 182
28 185
148 124
52 93
172 26
3 150
16 137
13 89
38 62
44 184
188 143
84 79
67 85
137 80
31 140
88 24
52 26
196 76
153 27
29 106
174 32
100 52
72 119
176 35
77 179
151 111
1 75
183 99
76 188
65 86
44 5
109 128
113 193
38 92
12 4
111 73
24 40
135 140
7 62
181 107
49 27
55 97
191 113
1 150
37 56
108 60
89 156
100 115
99 109
117 10
87 135
152 16
158 124
34 47
7 88
103 90
106 155
81 153
7 105
90 114
24 28
131 87
9 197
19 114
118 40
71 49
180 148
197 121
10 123
123 39
48 145
115 30
158 51
50 76
70 7
4 158
58 133
150 77
189 147
73 27
95 24
16 168
95 4
107 13
72 92
179 136
27 170
5 104
94 132
0 17
88 192
137 159
146 174
52 153
19 137
91 3
114 140
125 133
9 0
31 147
61 160
113 163
170 141
141 101
98 5
95 190
132 11
183 16
151 186
99 109
183 25
73 102
76 0
8 35
109 49
69 189
120 126
74 148
155 188
56 79
109 13
31 90
132 140
29 90
85 12
52 42
152 37
162 52
2 92
68 77
127 150
142 65
62 77
192 158
165 126
148 128
69 194
151 112
40 26
193 104
117 140
137 99
12 165
9 187
193 73
16 4
139 28
198 50
99 100
71 62
134 157
84 38
24 78
83 56
16 43
19 181
155 182
5 65
189 46
17 173
47 62
176 7
199 143
79 177
19 117
70 39
32 57
129 9
83 147
85 175
75 28
15 88
64 1
190 55
5 114
129 156
144 123
143 46
135 179
117 140
175 30
45 131
68 171
116 69
186 41
137 66
177 171
123 78
137 182
28 177
41 156
98 56
185 118
5 28
95 121
106 99
94 23
37 63
71 22
146 22
184 176
59 152
95 146
97 99
53 35
23 91
18 79
161 52
169 11
47 12
106 21
44 192
23 56
57 114
142 132
43 138
111 22
51 133
12 33
182 87
54 152
143 106
28 95
34 47
142 4
174 90
111 128
51 36
199 33
44 79
186 128
77 132
83 161
42 154
11 137
105 2
28 101
182 28
61 55
121 79
16 165
154 178
59 14
131 107
77 70
86 163
53 74
189 85
29 57
89 75
0 43
118 132
66 0
106 154
130 97
28 31
4 67
115 106
13 167
160 129
60 26
50 163
140 111
144 125
125 121
195 155
16 107
154 143
19 185
46 60
103 23
186 1
132 195
35 50
101 17
98 186
122 135
9 64
119 22
97 86
157 50
128 191
98 199
159 104
157 9
28 95
120 131
168 48
35 118
133 1
144 155
186 32
4 107
110 181
102 80
152 141
18 132
176 186
175 40
178 56
73 179
149 6
89 191
113 160
180 146
121 198
142 184
128 198
130 115
188 115
80 55
188 195
58 119
158 62
141 145
2 98
27 108
163 59
85 71
37 63
87 25
90 17
173 142
144 171
61 64
116 95
124 179
19 23
108 120
98 107
115 167
163 121
5 180
127 125
111 160
146 36
59 91
132 110
22 25
124 169
160 65
47 52
25 35
193 34
175 115
195 88
74 165
158 56
159 131
163 145
6 77
147 49
140 39
168 119
131 69
58 93
57 60
85 9
8 154
189 128
149 67
61 162
124 121
86 125
97 143
9 139
114 1
109 125
57 61
86 53
89 186
95 88
125 64
23 16
124 101
78 46
31 67
105 145
83 160
114 147
181 28
34 157
84 32
193 118
96 48
185 82
184 32
27 135
78 116
105 187
158 39
68 115
155 184
94 73
167 23
76 195
144 178
140 145
141 2
101 25
134 198
18 2
89 101
117 52
92 116
116 137
83 137
95 10
32 134
100 39
140 45
111 63
144 108
74 101
87 50
39 53
173 96
12 13
48 113
69 178
103 175
195 106
197 155
12 193
19 175
121 151
1 197
48 80
153 171
34 112
165 183
147 21
82 195
121 0
69 28
44 44
161 154
86 153
58 7
13 143
179 46
117 44
95 55
144 173
104 82
99 123
186 199
135 190
10 80
171 150
35 13
174 84
19 151
124 98
71 171
24 165
37 71
35 9
13 118
138 174
12 0
120 100
82 167
99 185
38 59
3 50
4 164
9 84
121 31
95 85
31 198
147 151
69 197
96 94
168 169
31 19
187 24
179 42
41 57
107 175
123 170
105 156
154 95
24 46
80 190
41 42
102 72
146 32
113 183
83 148
60 118
93 120
45 15
173 180
148 27
112 43
165 163
119 61
192 125
86 147
73 34
52 73
112 160
141 49
48 36
23 168
101 199
172 165
14 187
9 56
172 146
69 71
179 154
154 68
184 38
4 185
50 135
166 193
103 135
94 30
8 171
56 86
29 75
37 35
38 151
133 52
124 16
122 16
16 114
199 115
128 95
174 89
13 83
122 193
183 118
87 29
143 115
197 139
128 116
51 53
133 29
163 128
117 158
37 6
94 52
37 25
43 25
181 139
103 99
41 28
104 127
93 147
104 98
83 60
24 126
23 161
137 161
7 188
65 61
156 169
145 63
112 38
101 140
137 83
35 108
3 72
71 130
105 195
125 2
79 171
98 113
10 199
93 186
147 52
61 182
2 42
75 158
187 121
49 34
36 169
75 125
89 197
72 63
61 39
165 151
159 58
63 182
197 23
8 188
103 93
170 155
136 139
39 199
185 194
37 94
199 146
18 180
76 30
99 35
31 98
158 4
89 161
72 13
87 119
119 14
156 128
56 198
45 190
19 152
15 42
100 131
12 102
137 166
34 100
30 147
153 144
190 48
82 101
170 17
42 29
100 74
122 90
126 199
129 115
176 154
92 121
75 94
64 140
159 78
198 71
15 42
158 0
46 117
22 73
139 16
61 10
149 57
28 110
127 6
156 83
90 137
180 40
63 10
23 55
135 4
19 113
185 3
174 7
35 52
188 197
151 33
185 5
192 185
168 93
66 172
146 33
71 57
197 108
64 107
47 63
189 12
80 89
52 44
151 65
166 149
16 166
161 156
196 138
57 52
123 117
175 150
89 69
36 83
118 184
178 123
130 179
120 150
189 180
58 128
113 103
153 107
87 85
96 168
182 154
135 140
144 133
62 93
3 170
90 167
92 193
52 141
6 60
22 168
14 174
5 173
134 116
186 13
103 80
52 101
58 38
119 115
87 160
143 82
183 71
119 129
89 123
131 4
175 11
74 3
62 42
116 190
164 175
23 35
168 2
180 167
21 42
190 152
76 158
29 46
56 123
189 16
17 142
8 136
193 29
189 34
135 187
70 98
197 89
125 179
91 20
3 182
154 34
87 23
26 192
112 64
16 113
86 40
134 87
43 70
119 153
139 76
15 112
162 107
51 79
44 71
139 41
197 190
1 103
89 34
159 183
97 163
93 25
96 77
85 76
100 177
82 189
177 180
104 143
22 27
197 105
108 196
89 66
15 129
119 115
196 21
24 32
61 1
176 189
193 23
45 100
1 187
84 4
167 138
118 153
195 95
128 197
72 179
6 127
146 102
104 165
1 63
33 156
18 140
76 170
178 157
119 60
189 123
79 18
80 105
183 81
138 141
4 181
51 71
109 181
44 55
107 79
0 199
168 133
144 129
139 58
27 4
24 7
69 42
144 133
161 180
113 199
143 192
151 10
14 20
176 115
46 42
102 121
149 90
43 59
160 84
53 26
112 3
135 181
169 5
141 99
5 94
157 191
113 41
182 182
184 160
82 72
20 104
198 8
68 83
156 163
24 62
172 74
110 62
133 130
129 166
117 105
84 10
41 65
6 8
89 1
141 195
102 118
50 13
32 24
134 64
48 181
157 177
74 68
101 95
160 138
22 97
135 148
163 188
150 140
103 1
175 110
198 146
72 95
171 32
147 114
74 117
156 26
131 116
103 49
123 155
160 99
167 146
78 156
145 136
193 132
14 30
57 133
55 15
82 58
103 48
140 17
77 40
68 185
86 184
37 125
176 9
64 87
70 88
24 130
84 77
179 190
108 84
29 174
150 132
109 168
45 91
198 104
77 36
117 17
150 63
79 123
129 9
29 3
88 123
55 46
171 74
63 159
29 34
160 103
114 100
165 1
190 76
110 111
85 23
182 167
45 147
123 25
163 161
133 90
102 82
64 110
168 193
47 76
62 173
163 49
82 34
173 196
91 164
31 76
8 103
178 157
154 61
48 172
44 146
12 44
97 199
61 181
15 28
45 162
87 27
56 79
5 78
155 3
55 124
73 90
50 16
186 168
86 120
20 53
177 191
194 184
70 145
130 79
175 5
161 51
196 99
7 144
28 76
50 118
127 114
71 22
187 21
146 34
162 53
7 112
52 163
172 0
83 112
58 65
151 47
15 69
60 27
62 179
187 124
129 37
107 132
101 75
143 67
19 190
185 141
35 120
19 123
10 10
89 188
198 178
134 131
173 138
78 130
81 27
66 58
9 12
140 139
6 90
198 41
132 180
181 120
187 65
1 164
85 108
188 169
161 53
187 122
162 175
199 59
175 158
124 8
111 144
128 184
39 112
130 12
10 73
122 46
83 49
28 53
150 79
192 36
158 62
183 67
86 46
131 37
110 117
63 106
2 102
107 48
144 146
68 10
2 134
158 154
22 177
75 15
137 68
142 168
34 190
119 131
177 93
78 186
131 99
166 84
140 66
123 53
122 18
38 142
67 176
16 116
45 155
69 49
65 70
110 29
82 35
173 92
2 6
148 116
92 63
10 31
43 12
177 112
124 148
151 10
82 107
14 137
44 95
50 190
81 196
21 74
26 153
64 58
114 159
112 43
183 20
90 144
125 138
199 88
67 174
26 80
181 64
80 61
129 157
126 191
182 136
10 28
0 56
0 105
94 178
112 117
108 98
2 128
127 191
77 80
75 19
196 147
118 104
135 18
15 26
99 114
48 61
157 77
72 31
175 187
138 160
63 47
137 136
0 176
67 184
109 187
71 179
185 110
124 123
18 25
185 185
48 7
16 178
25 1
31 134
35 73
165 27
15 147
60 37
57 131
5 61
180 163
42 37
148 162
85 74
88 159
169 151
110 137
198 7
41 112
83 67
5 195
99 134
72 49
111 44
147 59
4 76
27 181
23 100
52 183
182 50
54 186
92 34
30 44
59 116
130 148
149 78
89 92
76 22
79 101
99 29
138 83
143 135
36 162
39 31
43 129
151 98
77 139
88 101
184 143
103 82
175 190
95 56
71 56
99 130
88 70
44 116
133 73
147 7
127 123
37 13
38 0
43 88
181 4
63 80
16 50
136 30
107 151
54 170
32 118
5 138
160 42
193 143
169 128
37 14
168 184
183 151
125 192
48 119
82 51
79 111
80 134
58 117
174 178
18 27
70 178
127 38
189 125
83 162
63 89
147 91
172 4
149 139
140 179
22 127
198 38
166 0
174 24
70 54
114 197
192 166
192 15
158 40
107 49
16 20
143 42
16 109
98 189
41 6
46 112
193 105
13 95
144 116
10 30
40 43
177 48
119 39
127 125
148 2
31 10
86 6
139 175
61 103
139 123
76 2
8 168
41 190
57 43
178 167
133 29
157 51
52 82
30 92
59 12
172 146
152 89
104 175
52 170
199 34
125 47
68 165
187 198
53 82
19 106
172 103
36 164
141 14
91 172
15 1
159 184
114 75
28 4
74 29
23 170
115 166
169 131
95 151
51 192
129 20
14 22
73 155
40 108
83 126
56 7
94 123
31 39
163 26
3 161
91 98
106 196
80 181
8 191
197 149
11 159
38 93
16 109
31 73
11 39
19 28
167 136
13 0
24 26
142 54
45 77
78 172
86 156
123 38
123 177
75 161
167 6
161 177
28 20
197 105
14 138
129 132
51 110
62 51
54 119
173 153
0 89
70 69
167 61
101 6
177 163
76 33
93 71
153 187
187 145
184 75
71 187
139 89
178 95
141 176
107 194
110 60
38 105
181 0
166 55
47 5
7 87
124 75
84 3
124 124
85 6
80 67
170 153
190 153
28 19
131 138
21 89
163 164
44 157
11 18
128 88
72 150
120 136
97 110
104 52
124 50
20 174
57 140
50 55
62 63
120 123
173 101
188 35
113 75
103 66
183 2
175 87
32 194
73 37
42 26
81 177
92 171
7 56
157 10
110 5
35 82
108 197
109 48
184 190
22 126
145 26
141 65
139 115
45 33
12 31
114 163
196 180
55 172
88 57
184 162
76 160
57 82
60 123
66 10
141 199
101 161
33 12
58 163
119 190
2 170
41 153
19 6
56 59
58 132
15 24
65 39
88 13
162 131
174 38
81 117
129 101
192 51
22 101
4 20
36 161
80 180
37 75
69 1
53 191
63 45
109 138
172 45
29 169
39 141
152 196
156 20
141 88
28 129
122 17
0 192
137 0
113 86
63 19
37 76
175 114
102 33
9 133
164 64
107 193
144 134
53 52
66 70
187 162
156 174
85 66
124 195
109 196
148 101
32 50
166 109
14 20
82 76
180 7
175 24
97 113
32 105
140 147
12 59
164 97
37 10
3 150
110 6
123 153
114 26
18 68
196 31
127 28
199 57
95 118
12 54
182 166
25 174
60 179
46 4
93 163
198 183
83 98
125 92
52 98
195 77
81 66
180 34
112 84
197 14
104 158
113 110
137 194
167 184
199 83
12 114
173 130
86 24
18 199
99 53
67 22
26 27
146 36
184 110
36 55
137 106
184 25
24 152
89 35
121 171
188 141
51 5
75 33
143 78
119 183
62 107
166 139
25 85
184 56
10 104
56 100
77 17
108 75
21 59
80 61
93 139
170 13
169 117
184 173
97 178
0 112
29 173
190 16
57 165
118 6
48 27
183 88
71 130
162 122
78 53
82 93
139 61
62 103
165 191
6 85
13 167
90 7
23 167
24 40
146 162
48 179
184 168
94 108
37 18
14 130
174 124
6 47
96 185
16 41
38 106
38 77
146 96
133 92
3 31
183 114
72 151
181 12
179 176
31 144
151 111
169 70
101 57
104 198
186 156
25 131
70 155
36 9
198 131
63 29
47 173
28 100
132 28
134 56
189 113
87 110
187 198
173 161
115 50
146 29
168 43
86 132
27 199
68 101
19 32
96 179
22 140
42 140
162 64
113 196
161 108
75 19
41 132
30 33
14 122
150 132
171 71
73 31
136 190
149 174
80 153
19 16
123 135
98 126
160 186
26 143
1 172
119 50
52 182
5 0
118 28
149 36
11 5
94 14
104 103
34 171
96 16
42 64
113 66
171 155
37 20
120 84
172 53
53 6
122 190
161 198
123 141
0 118
103 178
118 127
93 34
114 87
11 190
169 192
89 88
120 68
107 147
38 62
162 46
1 192
81 42
73 80
192 141
152 68
107 22
43 34
52 156
75 26
155 135
194 148
182 61
61 72
148 108
37 195
160 160
109 103
95 105
102 72
2 187
197 185
98 57
161 167
162 43
172 151
76 111
49 60
82 61
3 25
77 145
33 161
44 82
139 126
193 4
123 172
112 71
99 133
0 64
40 32
177 144
27 139
96 34
109 152
142 103
105 111
57 97
58 35
93 110
114 104
24 9
174 144
75 119
148 24
185 78
1 40
102 10
52 168
19 35
77 21
184 63
39 97
98 98
100 55
184 83
9 123
109 60
35 72
106 30
128 32
168 3
198 88
74 123
7 35
9 70
166 24
32 5
41 130
118 43
186 97
125 43
122 66
72 102
121 136
68 183
79 168
110 118
32 58
125 185
38 107
21 94
166 47
18 37
100 66
55 56
28 56
35 129
54 111
49 81
8 17
125 32
46 111
85 78
88 54
44 165
16 70
44 154
35 5
102 28
198 167
7 137
89 23
142 176
13 113
16 114
179 13
172 52
165 6
134 110
33 195
127 153
56 29
155 12
25 74
105 128
42 84
34 57
189 88
169 143
25 155
136 52
191 153
168 37
45 44
184 19
76 177
44 22
150 133
134 96
32 70
126 13
48 10
122 94
11 127
67 121
23 133
49 169
32 76
110 49
38 75
1 64
189 193
70 193
66 78
32 193
68 189
78 91
26 60
21 37
130 46
12 115
100 61
137 91
192 91
143 172
15 190
146 31
75 92
100 55
188 137
95 65
122 89
165 164
140 99
190 29
141 9
73 9
122 45
101 55
85 89
74 157
106 22
178 107
118 148
76 180
47 126
21 32
165 81
127 67
85 11
72 74
146 71
94 183
162 31
60 162
179 53
44 159
149 81
196 147
121 147
91 52
62 133
132 179
105 179
197 116
129 88
129 97
11 65
107 184
80 191
146 84
22 46
42 32
129 67
54 179
79 107
63 191
175 70
1 17
117 15
188 170
120 176
158 5
179 45
176 72
184 18
115 142
40 181
182 78
91 122
73 160
182 125
110 106
72 106
125 26
40 179
56 142
120 173
120 159
50 58
55 173
135 80
159 43
27 51
113 180
130 167
54 150
95 106
43 195
53 92
38 37
165 172
9 130
107 86
175 182
99 121
62 131
71 199
93 186
121 17
86 199
139 59
51 56
54 8
107 162
64 37
58 142
167 165
21 56
153 9
140 54
10 120
134 196
104 101
38 44
57 124
32 60
189 101
108 35
43 160
98 3
69 81
179 69
92 167
39 28
132 129
197 21
54 162
11 65
86 197
139 5
31 100
83 47
144 188
195 184
125 3
19 150
99 170
98 192
53 25
140 86
126 3
38 144
136 138
182 104
189 121
183 4
150 56
109 52
25 96
190 54
29 45
133 186
117 126
177 7
41 95
99 18
49 90
158 37
60 115
57 167
116 146
87 166
35 102
85 125
159 52
155 153
165 36
124 125
152 24
24 133
86 54
1 80
90 41
8 39
190 75
88 81
132 13
96 44
153 124
4 25
121 14
99 87
35 94
154 117
127 72
49 85
182 107
177 132
65 160
91 89
105 115
166 196
110 92
131 155
67 13
195 77
152 57
144 150
45 45
73 136
185 107
196 171
139 196
102 149
72 159
121 85
136 15
113 78
70 130
142 167
13 135
135 153
89 40
52 183
146 159
138 18
22 72
63 194
164 58
170 11
196 24
155 69
143 97
112 35
61 48
54 83
119 79
163 171
140 194
41 117
154 184
188 28
26 84
197 113
102 59
198 95
163 111
165 169
38 186
116 130
134 183
103 48
31 181
58 174
140 96
19 160
190 146
140 107
134 50
98 190
105 163
0 67
21 28
87 77
188 43
180 120
30 153
157 3
164 94
141 168
148 73
60 14
102 186
65 75
64 110
185 56
171 180
105 102
170 118
196 120
126 186
181 117
16 191
41 115
50 24
77 55
4 4
130 96
14 136
85 135
50 162
137 121
169 177
143 195
28 24
13 43
22 97
169 35
28 44
112 58
121 170
87 83
132 122
51 181
161 49
16 75
63 58
195 7
73 183
87 149
85 102
7 90
101 123
95 102
111 32
108 122
175 165
118 118
30 36
47 162
190 167
51 37
77 88
26 175
12 150
63 188
194 103
167 186
39 199
116 98
74 9
177 79
178 52
130 180
192 121
88 53
88 104
158 14
151 25
90 49
57 196
3 47
109 87
151 147
74 178
68 178
148 34
58 93
44 113
188 193
0 154
98 115
118 108
5 121
166 51
140 97
110 162
192 177
176 131
124 51
43 102
57 3
172 79
38 47
44 77
165 51
63 150
47 164
37 44
13 173
47 62
130 129
0 143
144 44
166 32
134 166
95 171
51 125
83 34
51 17
133 5
181 194
99 123
157 23
128 165
51 29
152 3
103 40
14 118
14 112
100 186
6 56
18 33
197 178
5 199
146 155
146 132
188 152
135 136
42 68
1 63
35 181
34 138
17 139
129 59
34 61
141 141
193 1
141 94
47 199
126 170
162 193
63 25
83 67
32 142
1 106
100 147
143 97
129 24
77 164
78 93
82 55
186 12
42 33
169 176
56 72
41 67
141 23
75 24
106 159
181 119
8 112
117 43
134 29
139 22
34 179
23 161
127 105
193 15
187 158
94 77
27 37
43 137
37 177
76 134
199 118
26 195
80 145
78 91
153 105
181 184
133 127
191 60
123 32
21 23
58 179
1 92
19 165
191 31
57 25
65 140
172 26
181 180
49 113
119 196
3 102
9 167
11 71
177 22
84 71
116 158
182 85
40 199
78 161
163 68
56 155
167 143
172 20
29 78
153 54
142 76
115 144
110 158
174 57
115 102
75 162
7 61
145 125
119 41
30 136
163 81
154 134
36 158
153 129
49 134
153 2
137 9
165 94
134 3
137 6
152 121
152 110
158 115
58 157
127 62
121 71
144 66
187 90
50 82
168 199
118 171
55 89
181 97
83 77
98 186
20 46
122 61
38 40
52 79
97 122
61 45
102 101
104 87
82 53
47 90
43 17
62 179
66 67
184 142
76 69
124 152
56 124
169 51
62 29
163 197
182 122
143 165
166 193
158 155
96 188
177 118
128 165
52 103
99 152
172 42
59 9
99 22
89 3
29 56
6 102
71 166
17 21
198 156
118 72
173 77
196 141
133 30
98 40
162 178
6 62
24 11
66 48
68 59
182 82
179 31
131 32
189 112
105 116
111 74
14 65
0 38
113 157
119 199
160 100
137 177
89 170
178 107
87 25
93 26
171 86
66 178
62 87
169 81
196 128
10 42
62 106
114 89
79 6
27 46
120 115
125 8
88 187
64 63
41 37
46 0
142 49
148 132
45 54
48 91
40 192
74 185
187 172
36 69
186 185
129 37
74 83
55 158
158 153
181 116
30 31
142 196
66 68
163 13
132 92
107 42
119 61
32 55
47 130
194 189
174 82
191 55
82 37
178 67
168 158
130 180
152 143
178 54
154 102
150 146
188 35
51 21
58 43
175 142
73 44
44 26
148 156
168 172
59 182
138 150
140 161
146 76
35 186
140 167
172 5
32 156
151 23
155 79
108 13
15 196
88 104
161 153
88 151
12 155
119 169
113 135
37 20
118 6
13 74
4 172
0 145
168 50
112 48
139 98
108 193
124 97
8 131
101 121
45 6
74 73
170 174
31 143
63 88
69 174
196 128
119 158
66 81
147 168
40 149
129 23
63 98
85 150
83 116
43 32
139 17
109 98
107 161
170 73
108 117
141 9
61 144
65 125
137 38
73 199
19 186
163 14
11 138
109 36
154 115
197 143
162 175
59 8
56 29
141 25
196 59
121 189
27 121
47 85
73 128
81 6
53 91
154 24
40 156
26 36
57 142
58 190
26 28
135 174
120 61
179 85
135 145
112 16
117 164
151 54
56 87
152 141
146 100
120 0
158 69
170 138
23 39
119 82
51 17
62 24
120 106
119 17
11 128
47 37
59 47
55 7
139 82
191 62
138 100
8 73
98 60
198 191
80 112
152 25
111 49
1 8
122 38
126 121
81 136
52 174
10 39
168 25
13 12
67 115
37 36
192 193
130 83
119 113
80 69
161 47
9 109
60 110
159 74
118 186
143 161
53 29
53 148
161 88
109 1
89 84
38 113
23 35
96 31
51 162
16 172
33 1
186 170
178 185
48 123
9 178
179 143
77 167
71 97
132 174
99 191
106 47
74 127
10 151
104 191
76 35
76 162
99 59
60 66
9 29
27 162
126 34
74 125
105 45
164 152
107 24
159 110
112 186
85 0
4 102
196 13
39 28
92 118
147 11
165 86
190 116
42 58
147 109
99 190
125 159
136 32
55 20
43 115
98 86
157 134
159 165
178 49
105 69
113 69
72 4
155 136
82 31
88 87
118 25
0 3
180 137
113 5
46 63
112 14
167 8
19 33
37 0
65 96
159 175
160 155
195 71
100 26
110 123
150 20
7 12
170 151
138 167
193 106
50 74
113 23
166 193
177 59
101 165
56 179
190 38
13 117
191 165
21 157
123 74
128 132
53 156
190 41
186 57
152 30
98 74
144 191
84 70
170 46
86 21
158 34
166 20
51 170
108 94
174 70
113 139
56 98
60 16
28 197
147 54
184 106
120 125
78 64
197 181
144 125
87 91
52 163
155 101
117 120
142 117
151 63
64 185
116 138
165 105
104 135
135 89
42 191
43 3
112 89
70 131
145 31
61 38
76 50
21 147
99 48
64 143
144 170
135 62
98 35
162 23
173 47
25 83
151 87
112 10
94 96
100 38
112 184
69 113
190 129
191 178
148 127
5 140
26 185
83 136
23 123
60 144
46 98
39 13
82 183
128 73
71 161
56 134
183 165
39 111
166 9
43 140
147 163
197 77
132 170
123 35
139 127
135 11
76 142
106 112
23 76
126 6
91 98
102 9
27 184
45 169
9 158
139 121
30 134
144 184
30 100
69 74
48 3
69 126
7 10
182 128
3 176
146 67
142 75
107 187
99 190
178 142
42 153
183 162
30 169
137 165
3 9
124 3
29 41
120 18
62 103
64 180
162 131
177 190
39 70
148 4
150 121
155 63
107 109
16 36
162 190
70 38
110 57
2 122
87 142
48 42
103 163
132 147
80 78
160 41
121 103
42 158
75 168
80 26
156 17
128 158
8 177
82 124
80 58
187 5
129 36
108 21
39 168
154 65
164 105
69 54
90 10
74 52
31 21
170 94
79 97
27 120
26 153
42 20
64 136
158 9
42 132
118 170
122 193
126 91
1 66
199 167
147 188
149 188
142 42
18 63
43 104
3 34
146 32
165 165
155 57
118 29
169 159
73 167
83 85
50 149
102 2
76 178
106 172
152 29
131 4
125 39
185 148
72 134
121 86
138 6
66 37
67 175
38 180
88 189
177 131
127 109
94 188
166 105
35 174
66 187
96 101
113 163
129 107
36 105
38 85
141 71
89 177
11 127
84 126
20 24
176 168
159 2
5 43
180 174
194 127
180 96
146 193
163 44
170 168
66 29
170 38
0 15
103 42
160 93
20 152
125 75
120 120
179 95
187 18
5 116
23 89
31 82
73 3
131 80
117 64
187 115
43 181
151 15
89 8
170 82
108 184
29 105
61 183
59 154
119 120
7 172
68 74
142 79
190 196
17 52
18 75
79 88
140 184
99 20
108 182
39 80
45 61
181 196
175 103
143 147
38 23
162 72
141 6
20 134
128 62
161 162
60 92
47 142
159 130
0 140
44 85
18 144
119 133
197 179
118 137
35 24
97 172
137 165
198 157
127 84
86 60
60 183
129 133
170 81
25 2
128 12
115 60
6 122
149 166
86 47
42 81
131 13
131 184
91 75
100 80
83 128
138 77
63 132
144 29
76 26
88 174
128 98
43 121
172 164
108 41
16 45
177 162
92 155
158 37
60 115
194 51
105 2
194 124
151 2
182 34
156 82
80 28
24 146
195 129
176 88
121 102
136 168
198 140
187 166
122 30
39 63
129 193
179 72
57 148
129 4
117 88
72 37
11 129
117 57
198 0
26 157
167 139
100 66
152 89
155 108
70 14
78 181
193 78
183 20
17 124
183 89
43 113
190 50
69 120
181 37
138 176
21 41
75 17
119 13
0 86
5 129
108 34
24 57
62 134
176 23
87 88
126 19
42 145
157 178
111 37
19 155
121 148
132 170
171 130
56 78
184 6
47 45
110 16
103 16
196 113
184 156
147 172
12 76
51 74
160 11
183 160
64 94
150 121
155 189
14 132
78 137
117 161
57 42
145 80
75 90
153 102
16 27
50 75
128 104
103 81
146 104
151 87
160 159
75 55
195 3
28 153
169 86
109 96
194 41
166 107
145 21
16 174
182 171
36 43
28 99
18 112
145 152
71 58
68 126
144 130
189 44
157 160
83 90
14 96
23 158
184 72
56 118
114 182
199 56
144 28
128 196
63 183
152 193
51 15
107 185
60 113
172 149
48 108
4 75
152 198
77 142
87 69
73 74
86 98
96 99
69 119
83 31
77 50
107 96
116 137
180 82
20 42
23 85
61 57
82 62
3 121
45 127
35 175
74 150
48 73
7 14
26 62
135 163
137 115
122 3
112 166
21 142
118 198
169 46
179 87
10 138
50 151
157 63
27 7
174 35
132 158
137 92
13 63
184 29
144 9
39 48
161 103
1 147
100 15
52 165
167 181
180 40
83 88
180 111
0 66
179 2
8 62
99 145
20 123
119 117
41 131
157 67
176 20
164 153
0 41
15 188
139 49
195 77
99 195
7 196
131 103
182 42
50 159
42 25
11 103
138 83
174 96
161 155
199 71
126 16
119 38
154 103
181 78
72 117
171 25
132 174
77 11
41 23
22 137
32 156
34 115
0 71
116 87
150 106
92 20
32 38
57 4
11 140
5 136
33 93
173 90
3 37
65 7
92 129
156 183
10 2
159 52
180 87
124 92
8 157
167 24
76 25
123 134
179 169
170 153
180 147
19 42
189 146
49 173
178 55
153 154
50 87
178 164
176 24
98 14
42 32
148 77
110 135
50 92
82 31
197 33
115 199
91 145
150 43
85 146
161 179
87 44
159 63
14 104
178 69
12 179
128 134
146 147
56 116
93 53
36 194
54 199
80 182
161 41
154 53
99 4
49 48
80 11
29 174
178 25
87 149
160 137
39 1
133 168
136 191
88 187
191 55
183 119
179 135
43 136
144 149
188 123
175 109
159 66
75 161
31 110
83 46
156 23
172 161
46 188
187 3
12 103
89 1
13 75
114 75
145 193
99 155
158 56
189 12
150 3
94 191
77 84
82 138
68 173
96 192
77 37
11 48
115 4
86 40
0 162
32 92
107 167
94 129
0 148
4 176
131 194
81 137
36 196
56 141
97 153
170 176
187 13
11 195
117 76
179 168
127 59
51 18
74 77
56 182
114 162
49 68
20 86
113 135
123 167
197 132
70 144
119 113
106 151
81 108
132 73
141 30
131 191
105 36
197 111
158 159
67 1
117 115
96 169
77 103
127 128
171 153
164 193
188 16
16 37
156 84
91 29
125 33
47 31
157 75
75 43
20 139
120 158
123 78
140 177
139 9
29 54
31 185
26 35
140 59
55 165
185 85
179 57
13 29
119 152
63 69
12 117
72 172
103 162
195 159
80 4
164 43
123 67
22 9
35 54
1 20
68 142
176 181
198 107
81 138
172 8
27 102
67 30
40 12
31 40
133 51
127 24
90 65
55 44
152 164
154 87
197 190
121 189
71 51
144 128
149 38
169 108
92 144
164 159
174 109
154 4
35 28
6 128
65 43
42 182
113 29
102 8
65 129
180 88
100 106
45 2
155 184
161 65
30 5
38 114
126 111
197 194
175 57
166 71
49 102
101 54
53 10
82 40
69 103
181 46
125 26
187 153
43 29
76 118
140 11
21 177
110 118
38 191
32 14
121 34
44 9
130 73
136 172
82 94
75 106
138 104
46 159
175 30
48 84
184 131
137 17
82 166
56 35
132 157
46 79
190 102
30 157
127 94
121 106
152 120
36 1
127 194
101 129
52 87
181 49
155 103
102 99
136 167
38 52
126 46
179 198
23 176
188 199
85 100
97 106
139 148
120 136
9 43
188 70
118 114
80 161
115 86
196 105
82 156
63 68
64 178
84 198
49 132
160 23
5 119
136 45
175 194
37 138
93 193
129 34
177 25
77 111
22 160
71 43
60 10
113 163
185 100
52 90
146 77
80 28
29 37
59 46
170 63
98 17
145 140
25 183
24 136
3 84
2 88
161 0
77 42
161 32
178 29
182 171
118 104
199 72
107 91
123 113
161 71
149 20
134 107
178 32
134 143
3 189
23 145
8 106
128 159
125 81
19 153
177 101
106 70
84 143
80 30
11 10
76 33
33 112
45 19
19 79
153 104
190 86
194 141
8 27
191 58
106 92
47 195
197 33
172 6
30 41
102 13
8 65
188 65
79 77
16 91
116 47
103 110
55 96
181 14
182 189
177 174
122 188
106 191
143 181
95 48
76 59
48 28
187 25
48 108
178 134
62 83
114 14
17 37
13 48
17 83
106 26
170 173
133 141
2 95
47 61
61 180
12 7
54 5
59 80
150 44
5 170
95 182
119 182
98 163
136 179
188 184
139 134
21 44
137 65
166 152
73 36
56 99
89 50
167 193
6 25
78 114
12 126
87 126
91 110
39 58
112 182
108 195
56 87
35 199
52 156
97 179
61 49
161 83
165 120
163 109
151 112
181 134
196 128
39 178
137 100
112 150
83 145
186 24
53 100
120 24
68 121
192 0
17 172
153 192
69 134
199 87
180 24
92 76
101 12
56 129
83 64
146 87
85 22
178 186
14 174
85 35
72 154
22 162
91 38
39 147
27 107
30 67
173 84
189 144
0 183
174 75
180 3
113 86
71 196
13 160
185 116
161 96
55 95
133 75
168 64
173 162
187 104
73 10
23 13
123 27
112 145
109 56
133 154
28 156
115 98
170 95
45 44
170 169
81 103
52 10
22 145
96 68
121 77
59 167
191 168
157 164
163 111
117 79
123 116
138 107
73 191
20 14
43 57
83 120
55 105
189 106
67 178
146 199
73 140
52 126
175 104
131 135
20 24
93 133
85 37
57 75
142 31
31 150
39 185
16 7
129 69
185 21
134 114
92 135
88 126
73 53
134 81
178 43
19 97
143 14
199 158
179 181
172 62
63 89
48 96
32 73
27 56
11 142
152 85
8 34
87 32
184 135
125 167
127 130
174 0
152 96
178 21
122 91
141 118
153 2
181 127
144 161
59 185
56 129
135 134
16 82
144 117
29 159
179 128
180 31
122 50
56 107
65 145
146 101
163 141
169 191
125 60
58 43
182 176
175 8
56 68
60 148
149 187
99 159
172 35
192 24
161 112
83 96
76 64
128 64
131 110
80 23
141 59
56 73
100 3
188 11
115 194
66 139
69 44
165 46
109 51
104 32
2 107
59 48
153 111
88 183
15 135
61 115
18 190
37 149
138 18
129 65
100 148
54 146
32 59
132 101
128 171
39 97
51 136
170 9
53 106
199 140
111 10
81 46
125 123
183 107
106 78
173 199
107 166
190 40
5 181
23 194
38 114
105 71
81 84
104 85
98 131
45 95
21 87
163 165
141 140
5 186
103 159
112 97
53 18
185 46
145 23
42 183
160 16
192 141
72 55
175 48
39 69
8 155
134 53
177 122
63 107
32 110
53 41
69 152
60 14
38 13
53 56
57 138
122 69
33 133
85 182
154 141
31 157
116 169
79 141
95 168
71 53
139 154
91 31
184 22
141 109
3 67
148 130
18 75
53 93
100 146
21 45
176 81
38 54
181 100
87 149
29 13
110 4
62 159
7 106
75 73
74 53
65 14
104 16
56 73
72 57
164 4
90 197
40 191
117 164
88 141
193 143
75 132
21 53
109 45
153 5
66 24
170 122
164 175
13 66
88 176
118 0
167 32
64 13
199 148
7 114
156 50
91 181
193 92
192 83
141 1
57 151
51 107
133 27
164 38
185 66
64 0
92 98
145 101
46 40
128 46
119 185
143 102
35 54
100 81
24 155
111 133
55 61
127 59
14 72
167 152
166 85
23 58
36 110
27 139
76 57
47 152
40 70
148 144
15 126
84 192
199 189
95 121
76 62
187 119
114 195
146 195
88 53
39 172
87 84
15 59
113 142
160 165
184 45
179 61
191 152
179 148
114 175
40 87
91 105
113 92
121 166
100 95
123 179
24 170
147 82
160 156
31 155
131 79
16 55
101 132
165 163
91 148
168 123
100 115
2 188
85 160
160 178
148 106
28 158
169 160
87 16
88 133
59 179
59 196
116 38
101 138
3 175
41 5
5 73
157 50
1 63
89 35
157 58
147 45
78 104
26 83
10 168
173 97
176 155
85 110
38 107
196 104
4 149
161 85
128 82
2 24
137 40
80 156
162 136
178 195
182 122
96 140
70 33