200
14 166
163 31
178 146
66 137
120 1
185 84
130 97
148 6
175 176
172 63
108 105
97 115
80 47
148 93
22 196
58 61
15 199
50 151
33 157
20 170
137 111
161 102
92 163
94 82
154 22
121 10
157 48
128 50
139 36
4 58
85 75
112 100
170 44
85 108
90 166
68 107
55 52
20 147
134 126
93 65
161 159
15 4
120 176
108 156
143 52
114 103
135 105
47 127
23 46
31 32
168 44
163 124
10 44
167 174
80 134
15 39
20 2
118 36
48 48
24 194
125 16
199 33
123 7
89 112
148 103
101 186
175 144
162 78
58 48
193 85
120 38
24 89
82 167
166 95
118 90
138 77
125 19
10 140
145 153
166 97
161 91
30 197
160 62
186 188
172 140
98 1
4 47
43 164
139 134
167 25
34 184
125 6
18 79
179 188
10 154
39 184
75 87
136 153
199 77
146 144
132 50
192 19
18 108
13 35
83 73
173 61
39 52
56 112
182 165
46 78
182 17
195 66
176 110
116 2
60 166
182 89
197 93
185 41
193 126
134 11
126 2
111 84
84 179
191 66
125 184
179 39
157 36
97 147
194 11
182 169
133 111
75 152
81 170
48 58
198 74
117 108
185 47
167 117
86 178
18 33
2 131
63 114
54 170
185 34
176 82
128 170
172 113
96 68
26 123
144 127
98 79
31 70
16 44
173 90
31 51
111 167
149 142
199 81
194 36
154 154
89 22
61 33
88 129
15 102
140 40
177 117
199 131
17 92
111 173
57 90
106 58
178 24
45 33
30 115
178 1
2 49
72 169
12 184
181 50
44 19
54 50
47 191
167 63
113 90
32 83
111 193
128 70
126 150
192 43
132 6
41 175
22 133
143 158
162 174
131 160
178 55
111 7
110 177
150 103
20 18
100 15
114 82
60 46
184 162
105 107
79 174
25 103
129 61
13 121
23 116
118 21
168 192
163 165
147 86
169 102
109 97
77 20
48 93
47 176
162 157
142 137
93 148
83 120
5 131
141 59
93 34
180 156
24 93
193 36
24 155
164 1
31 94
18 184
139 35
33 90
96 18
138 198
149 17
34 45
49 174
37 112
102 31
158 165
141 161
23 25
129 17
90 65
132 179
95 137
163 74
54 148
114 36
198 90
54 10
13 68
153 90
90 186
126 137
38 199
146 78
116 87
40 37
68 9
81 50
97 161
85 112
80 165
80 0
88 51
34 29
196 166
40 114
35 77
26 104
178 190
69 70
97 199
172 169
123 12
189 127
161 62
113 6
19 30
93 105
33 39
168 111
172 3
154 30
113 3
76 199
79 13
169 153
167 8
138 194
152 71
133 55
174 107
146 126
106 140
194 132
76 156
156 175
20 136
110 51
55 116
169 23
45 58
191 8
63 144
101 126
99 34
89 187
89 142
19 82
23 17
190 101
41 71
197 34
37 175
120 145
103 146
191 168
154 146
129 181
98 115
186 125
49 28
69 139
27 68
183 90
173 88
99 182
8 0
162 148
68 149
152 10
105 134
55 140
171 61
90 181
123 187
167 2
102 164
129 8
61 97
40 138
54 145
29 150
108 169
130 104
66 115
35 194
43 89
99 102
133 152
184 53
126 15
18 198
176 185
32 3
37 186
14 136
140 70
39 47
7 174
71 106
140 163
109 178
124 185
160 95
59 187
121 162
125 88
152 64
181 158
7 95
28 22
133 171
105 58
40 18
139 138
143 122
166 69
19 178
21 81
157 100
36 44
184 39
135 196
156 73
80 116
158 120
98 36
13 50
173 142
160 65
109 183
43 64
171 76
51 184
160 52
77 116
125 190
159 67
23 41
190 179
81 31
186 22
163 77
55 129
150 84
139 83
40 123
165 26
123 93
59 47
171 46
119 143
190 187
78 99
59 166
173 1
98 94
126 47
183 55
109 191
176 30
117 149
115 28
166 136
82 115
86 119
97 155
195 85
94 170
53 16
89 75
47 45
128 117
129 38
102 187
38 60
10 75
117 136
54 182
152 130
78 65
8 165
126 39
15 109
184 14
15 124
131 105
157 64
161 4
175 120
152 51
4 195
110 155
98 168
88 29
2 131
138 102
174 154
162 75
160 126
146 42
168 51
176 1
39 7
142 10
27 73
58 97
87 198
46 82
159 101
43 123
66 1
36 140
133 61
61 158
93 73
189 187
168 65
145 2
26 49
91 109
85 123
80 36
81 112
65 41
101 145
68 89
186 185
118 91
112 138
5 145
197 96
154 33
77 65
40 87
139 90
21 81
66 152
86 2
131 143
122 52
50 66
29 67
157 152
23 143
106 7
92 97
58 165
75 189
95 16
58 23
154 199
199 162
120 134
52 173
37 38
198 33
24 4
80 0
79 106
113 40
43 35
49 72
71 83
193 157
40 90
181 186
9 145
74 66
199 46
88 8
162 169
156 158
132 34
130 11
153 56
198 123
100 57
106 10
105 35
6 175
80 183
7 139
107 191
79 139
193 127
115 13
137 128
30 18
21 146
39 11
112 178
79 98
94 146
160 140
77 117
39 191
58 181
20 163
64 166
71 56
132 22
158 22
182 198
198 70
86 97
81 199
146 139
117 127
118 117
21 118
61 182
90 186
89 99
68 144
178 193
173 127
127 40
99 128
131 39
18 194
25 22
6 192
177 26
186 193
165 121
27 33
178 189
169 49
85 26
6 138
68 77
110 99
1 162
96 187
157 190
77 197
5 192
136 153
71 73
116 67
19 110
47 132
189 13
70 115
185 97
59 35
88 144
194 129
109 12
3 71
78 3
136 120
53 20
174 28
138 196
138 187
56 20
96 151
132 103
107 161
165 38
45 29
29 19
150 19
177 27
170 126
16 149
49 186
147 122
99 23
148 121
111 137
106 99
106 60
82 112
118 23
166 106
67 41
175 126
75 88
89 35
140 161
68 138
18 58
129 8
72 20
84 6
28 97
95 83
189 129
78 79
21 134
76 125
148 52
22 115
167 41
26 82
112 197
148 12
113 110
148 15
183 10
37 36
94 23
97 187
157 198
82 160
118 53
82 167
74 41
164 5
47 162
122 13
180 136
144 97
52 7
33 92
100 198
105 49
158 183
181 34
45 8
83 17
191 48
184 93
75 92
197 58
179 61
108 18
161 96
186 113
97 181
103 74
108 62
129 108
129 6
127 196
151 10
49 87
108 21
153 161
196 157
198 177
75 71
47 77
124 136
190 118
113 127
131 42
182 17
186 10
83 41
138 60
70 54
81 28
188 50
36 48
58 120
16 155
184 117
114 172
151 128
179 52
169 181
183 128
56 147
189 115
169 88
62 163
24 145
8 180
113 130
125 73
148 21
183 45
13 152
58 0
100 99
135 190
165 4
187 151
35 184
61 64
5 74
193 31
194 193
142 182
10 42
193 87
65 172
71 45
187 38
28 44
102 14
104 101
124 85
147 54
79 164
150 156
33 58
20 93
75 114
76 72
79 174
96 15
195 115
66 0
74 93
149 124
105 23
151 72
33 131
169 105
21 50
163 148
38 147
104 154
28 138
75 66
46 71
111 140
180 181
138 110
26 191
82 160
70 153
88 31
141 83
154 26
93 32
194 23
151 81
128 104
84 120
99 84
7 52
162 98
33 103
143 87
11 74
10 105
80 49
33 93
109 3
131 33
78 155
196 13
84 38
109 91
75 34
175 43
132 134
149 56
131 72
37 99
101 103
111 144
132 174
186 170
155 72
124 56
125 105
160 171
65 112
106 77
159 39
174 21
21 79
108 154
150 8
45 48
134 15
155 117
146 174
133 133
45 179
177 164
142 39
15 22
198 5
105 52
122 41
66 188
36 110
193 40
70 180
87 82
112 89
40 6
17 33
134 184
134 17
190 127
49 140
55 58
8 188
128 172
61 10
46 17
49 48
136 159
5 61
89 124
96 36
74 25
104 5
46 2
96 42
174 39
114 186
128 177
93 8
111 139
73 152
173 37
135 114
175 174
84 103
188 169
188 39
89 143
102 145
166 30
30 61
70 85
71 151
171 191
68 51
75 93
144 9
93 184
98 143
78 6
85 41
131 68
18 193
164 39
116 101
73 22
37 132
25 160
195 142
5 161
194 121
39 50
92 157
5 110
136 96
167 191
131 84
151 160
41 0
188 41
117 93
123 139
65 183
191 122
150 24
162 28
13 183
123 41
197 14
160 96
123 11
64 55
91 111
29 71
3 95
13 25
34 98
22 12
16 183
56 14
0 96
34 34
144 77
168 138
126 88
48 112
131 127
30 186
119 34
33 115
90 119
164 141
90 152
50 119
148 51
160 74
34 2
80 97
85 153
177 178
88 187
98 116
23 157
191 89
164 141
186 88
85 190
72 53
65 95
80 173
146 20
126 177
142 171
198 3
39 16
21 129
195 141
62 76
15 31
32 126
119 123
91 167
199 38
9 106
139 96
149 16
106 194
40 72
102 126
69 118
157 167
19 76
127 101
159 185
170 79
175 179
168 69
88 124
99 141
107 57
59 118
55 30
136 182
117 167
44 9
16 49
7 93
192 148
147 103
132 97
193 17
109 75
4 161
96 171
152 72
124 146
136 17
107 198
81 11
144 6
1 137
128 115
103 16
154 139
43 42
175 51
132 37
198 113
51 172
9 101
121 153
154 198
168 105
105 188
123 83
51 56
138 39
85 159
127 180
106 10
112 147
52 17
118 77
182 126
76 34
160 139
140 103
24 74
199 57
58 70
104 188
117 85
30 77
83 0
52 176
194 52
91 33
123 71
38 96
18 10
33 87
19 40
30 125
198 136
147 159
14 117
88 161
184 184
195 112
145 195
107 176
3 30
87 83
132 88
173 146
157 122
44 63
151 7
90 33
115 122
41 18
69 103
159 53
54 109
119 172
167 5
107 139
72 177
98 9
2 4
51 139
160 144
149 133
70 128
114 50
19 134
62 96
2 93
97 74
143 188
149 7
111 72
37 151
127 62
61 130
174 192
199 42
44 47
169 15
43 25
194 10
27 139
121 170
3 11
160 76
111 168
92 86
51 24
116 85
131 128
16 78
94 59
123 31
89 117
26 64
81 39
31 50
138 102
187 155
74 130
79 167
31 139
113 122
50 5
30 46
149 5
54 117
26 67
2 60
131 95
199 180
123 158
194 174
160 112
169 168
109 112
61 19
52 20
46 27
29 82
160 196
169 175
27 12
106 25
110 114
165 16
163 25
140 153
124 167
59 174
71 171
47 15
97 134
36 41
143 199
117 74
188 165
199 103
31 117
132 57
8 11
165 57
111 10
10 66
193 69
90 44
33 91
65 34
43 181
3 25
114 35
110 31
154 113
19 49
43 174
77 133
48 174
158 90
92 192
85 174
60 36
57 117
126 99
186 121
62 22
95 31
42 104
162 22
141 191
165 114
153 71
122 114
182 129
107 52
13 178
23 124
92 70
73 131
41 154
143 37
198 174
98 60
63 198
148 133
99 38
118 91
138 195
4 29
63 162
35 164
95 160
70 157
116 4
64 114
81 21
149 53
2 66
180 15
48 34
182 40
33 88
167 124
59 128
114 43
120 66
34 81
159 89
120 128
80 123
122 167
14 149
170 82
128 3
24 135
53 31
95 3
5 42
143 98
168 32
11 17
144 90
157 72
176 139
37 76
92 35
103 29
95 49
146 59
92 81
192 5
167 52
85 101
79 135
49 1
111 104
64 44
75 106
198 118
66 156
57 42
129 42
134 160
148 132
166 188
160 105
174 136
134 79
105 88
157 168
161 106
116 128
82 34
58 177
30 81
181 133
7 3
95 30
130 135
179 123
95 148
18 188
61 197
6 64
31 171
190 95
116 138
188 199
80 140
161 60
177 140
137 3
164 65
44 57
11 72
197 103
173 13
4 148
92 105
36 141
85 193
122 127
156 25
161 66
108 55
22 1
54 70
21 182
45 8
45 129
196 19
141 95
78 110
142 195
5 132
191 63
4 135
33 170
172 177
115 24
129 180
2 152
138 28
181 97
171 64
164 130
112 178
87 101
68 160
119 198
177 54
11 96
53 132
90 139
142 185
98 58
90 145
73 40
53 23
153 158
40 62
174 158
33 166
95 191
58 126
132 94
11 199
41 56
182 154
111 63
110 156
47 164
164 151
176 65
115 40
105 28
115 124
98 82
60 39
96 119
110 11
26 87
149 172
69 28
149 172
63 119
105 110
115 32
145 45
128 54
31 100
65 23
161 85
0 5
1 172
109 0
66 4
177 18
141 115
178 10
13 184
141 36
104 130
19 110
15 48
97 186
112 40
185 19
149 152
44 150
103 193
142 63
156 81
87 88
130 148
99 27
168 26
13 119
162 96
45 7
143 168
174 31
97 166
36 73
63 167
173 165
85 190
46 22
73 175
107 121
172 137
36 101
94 109
71 152
50 24
94 50
123 188
77 13
74 139
14 22
167 197
190 48
171 158
23 117
35 100
0 36
85 5
42 56
46 99
57 21
72 112
119 21
169 11
78 19
43 40
78 60
182 196
64 197
150 186
176 183
26 12
156 198
3 10
170 86
10 7
43 156
24 31
16 27
75 99
162 50
141 77
137 95
120 159
71 161
130 72
31 21
165 139
34 199
120 46
118 147
160 128
11 1
179 63
57 152
121 70
158 134
57 123
45 37
11 185
161 6
91 43
166 39
69 60
69 135
192 80
121 19
125 85
102 76
116 88
111 57
185 124
134 18
65 90
124 50
136 47
185 41
10 5
0 166
191 154
14 82
124 3
124 130
129 84
143 179
160 125
68 35
110 74
131 169
152 115
140 92
71 157
56 127
140 52
181 198
32 55
77 84
155 135
90 172
53 16
84 178
58 98
182 107
21 52
22 40
123 139
42 53
125 6
65 172
96 158
55 138
152 28
97 73
60 181
8 149
128 175
113 173
197 86
61 9
170 15
176 31
157 66
65 185
36 85
45 103
122 9
73 46
126 69
124 178
135 97
4 175
154 181
146 112
40 8
73 197
188 135
55 163
68 160
152 9
106 23
112 159
117 114
72 10
69 31
149 94
192 126
105 87
42 180
57 63
55 3
151 14
190 136
179 57
107 8
43 31
57 167
65 64
189 101
99 45
188 65
152 109
72 26
63 78
32 39
185 129
143 78
80 112
4 147
1 0
73 39
8 164
83 188
73 177
79 50
116 99
136 161
169 27
153 157
115 106
70 90
143 132
153 173
147 76
114 17
46 22
166 141
38 102
79 22
26 57
25 27
73 183
144 141
162 72
60 176
131 24
165 101
37 184
36 187
86 46
26 127
44 94
27 13
126 52
154 148
142 29
131 119
118 174
127 61
3 64
166 49
102 7
52 49
155 192
41 33
6 9
176 69
127 15
114 53
151 89
83 24
199 10
91 32
78 148
164 28
120 26
51 60
159 124
182 129
187 11
116 3
87 143
94 45
41 64
21 75
186 105
79 29
11 166
6 107
9 162
119 29
92 111
34 7
180 10
41 169
11 175
76 79
119 88
161 49
194 125
169 137
175 185
114 68
27 9
87 77
171 118
171 66
96 73
146 160
179 127
40 103
150 55
194 41
161 56
125 123
6 189
91 35
26 39
97 74
37 47
23 131
185 32
116 4
160 126
68 27
69 89
79 175
85 182
127 72
114 193
161 134
142 5
93 174
72 51
74 153
99 82
66 144
108 33
168 38
100 93
72 125
130 24
145 50
104 158
146 96
122 10
101 155
7 133
56 12
174 123
188 159
79 106
159 108
88 194
117 87
73 150
66 25
13 132
157 60
185 46
95 198
168 83
23 177
137 177
78 61
39 178
114 79
61 64
174 80
125 126
16 0
162 125
171 32
166 196
70 96
84 112
77 121
40 103
59 9
76 167
189 191
178 46
42 137
66 52
4 155
147 142
188 154
117 48
70 198
6 184
87 142
194 103
142 107
12 128
121 2
170 114
86 60
170 60
164 157
117 74
153 41
43 19
18 1
123 120
192 133
115 58
53 143
194 188
198 77
25 24
102 153
85 56
162 84
147 132
6 197
138 88
13 126
97 129
108 129
144 54
114 99
15 92
104 164
15 80
132 149
182 118
0 186
191 69
145 36
14 17
154 83
50 133
182 183
125 13
28 2
53 40
10 13
165 198
193 84
175 29
158 156
31 138
157 12
152 89
90 158
61 176
27 124
199 60
80 161
167 76
192 138
20 69
142 129
163 92
132 61
191 180
7 14
75 117
62 90
41 71
104 86
159 197
104 39
187 163
29 38
197 59
100 162
7 111
60 158
35 160
114 103
145 139
26 35
175 54
31 176
11 11
174 37
39 97
188 22
58 106
169 46
142 23
151 184
42 191
84 180
180 48
125 174
171 145
91 185
159 35
84 173
186 73
28 103
6 13
87 111
179 166
0 8
53 86
160 148
16 115
156 86
162 184
26 193
12 108
14 146
150 41
174 145
48 70
51 30
81 3
71 87
189 93
59 125
128 119
195 122
178 71
80 60
159 83
121 115
39 3
55 1
102 184
72 34
42 134
90 119
179 66
78 52
53 97
83 75
163 180
3 51
95 30
45 128
155 112
17 57
51 91
150 27
194 41
60 2
38 120
77 36
54 189
186 181
50 179
124 158
116 104
191 126
127 97
26 32
54 165
20 192
183 130
195 91
15 80
95 69
58 144
13 97
85 183
141 197
97 189
169 108
117 64
131 85
38 140
56 48
195 53
71 32
48 33
199 9
187 23
66 197
13 2
74 128
48 116
0 144
129 85
61 187
130 67
140 63
131 128
134 193
164 12
192 122
148 68
138 126
189 173
152 147
114 60
10 157
182 45
166 122
117 78
180 74
140 39
32 137
108 98
74 21
169 148
160 44
170 33
127 199
125 144
99 116
189 142
165 99
173 15
31 0
93 56
67 84
4 16
11 125
15 79
139 79
5 125
172 119
30 130
147 35
39 35
192 28
84 191
116 120
113 5
35 191
158 81
169 40
30 88
98 31
67 70
15 148
29 103
98 145
126 20
85 29
16 55
78 6
125 15
40 79
88 188
64 0
54 183
124 82
133 88
60 106
21 182
28 126
69 142
169 132
84 136
129 146
185 57
163 117
84 46
52 101
34 154
138 191
129 70
131 156
158 123
143 110
146 48
87 64
8 9
128 73
115 6
14 102
169 130
47 71
99 113
106 85
61 110
17 108
102 187
86 151
131 96
105 129
13 178
136 28
60 52
144 38
69 27
166 73
57 163
84 190
65 64
24 125
105 117
78 85
168 54
68 154
161 155
144 126
121 1
58 12
157 4
83 101
109 160
148 84
166 42
116 146
49 119
143 41
2 160
109 33
192 20
116 124
69 67
98 12
90 39
152 142
30 7
92 170
158 96
123 34
101 7
184 29
193 86
193 2
147 88
31 162
97 65
43 6
160 56
172 100
76 140
42 45
192 14
141 24
168 179
67 124
130 44
82 52
7 91
197 62
172 187
178 174
169 101
90 186
192 38
187 173
95 20
78 2
115 26
178 161
20 116
3 13
177 97
178 25
131 115
114 139
125 7
52 27
122 6
109 135
1 128
98 147
118 26
37 1
14 51
137 33
118 75
191 96
116 23
20 25
117 151
2 20
168 181
126 188
26 99
44 73
172 128
195 54
132 46
1 53
173 158
142 38
194 137
170 60
56 179
111 192
45 5
132 97
88 173
151 109
108 30
58 32
86 67
105 130
93 3
12 81
127 29
38 10
86 13
118 87
139 196
169 67
5 13
8 177
128 169
93 76
161 96
130 0
169 43
19 38
191 183
38 191
170 166
149 63
90 75
41 72
113 12
112 166
190 8
55 166
170 137
60 137
79 70
154 162
114 190
13 11
7 164
50 3
152 141
157 80
109 55
148 132
148 95
7 148
51 128
47 76
28 76
115 7
187 133
134 8
171 18
161 149
160 156
27 89
142 17
100 88
75 123
18 170
92 18
124 31
9 83
127 121
17 8
151 42
80 112
66 7
133 135
163 144
45 108
159 138
172 127
149 98
119 101
94 175
55 87
91 145
37 5
183 124
6 9
40 111
109 56
174 142
95 189
159 61
24 33
169 108
48 198
144 176
164 151
47 13
147 54
171 109
149 21
62 5
139 68
139 46
121 124
4 170
102 155
30 137
197 115
161 6
137 138
21 59
27 2
49 39
36 60
176 173
133 40
64 60
84 68
56 42
8 77
108 91
129 187
187 25
64 14
148 185
56 36
119 71
133 173
17 41
151 42
175 24
62 91
45 95
80 161
194 180
21 33
135 162
113 184
78 163
53 86
152 120
89 11
3 57
61 55
3 38
68 17
188 197
90 8
166 95
74 23
166 30
26 134
175 67
102 7
98 25
186 175
15 87
155 45
34 113
163 189
65 44
24 31
48 51
178 79
73 23
168 14
99 137
163 88
74 82
130 112
129 44
33 72
97 100
57 0
166 68
8 84
25 122
0 161
68 80
150 134
97 18
174 125
145 79
80 143
57 107
54 106
64 99
145 42
159 146
18 161
51 39
119 144
193 32
70 123
182 141
58 85
113 133
65 30
65 109
181 103
56 139
77 5
167 150
25 37
95 121
170 23
133 193
54 143
54 120
123 55
145 84
184 122
105 22
58 21
112 105
79 198
178 70
35 75
63 16
47 16
150 185
166 18
190 93
1 70
144 177
31 78
101 116
15 9
86 199
58 26
62 155
69 189
88 73
138 137
54 143
106 173
41 114
64 152
90 175
164 122
68 48
30 40
118 89
153 26
181 146
110 62
62 20
75 182
178 140
94 154
66 47
48 80
199 42
71 74
173 155
31 180
74 34
91 92
133 162
141 85
195 14
27 157
196 102
167 45
40 40
23 118
124 82
106 113
45 114
118 78
141 18
74 189
137 117
142 151
97 102
65 82
121 154
53 164
18 134
135 49
45 150
141 59
10 173
29 161
112 111
155 9
162 42
14 45
166 27
162 1
71 147
23 169
69 66
142 192
191 12
194 3
13 144
105 96
152 164
197 190
36 10
67 47
131 25
199 38
169 144
30 78
60 6
127 177
66 81
22 36
169 155
169 48
35 96
59 106
36 95
63 125
116 37
11 126
55 51
38 155
170 188
39 130
38 15
124 68
149 88
96 144
173 98
163 42
11 153
174 3
109 114
129 119
88 15
29 59
48 62
14 70
82 28
114 96
80 156
126 86
67 135
2 106
63 64
124 168
194 8
104 87
161 35
109 59
166 82
3 76
164 107
119 195
5 11
182 74
124 47
195 26
120 20
147 64
27 189
169 153
53 60
52 55
177 187
192 184
0 198
186 150
8 44
169 39
187 165
35 25
85 65
181 160
131 19
26 36
198 159
88 61
138 147
9 71
96 195
25 53
28 14
131 91
3 58
17 57
5 102
7 131
183 151
119 39
198 1
157 88
149 88
65 65
56 117
150 56
120 24
54 4
25 43
189 65
30 34
67 40
13 55
144 140
98 170
50 73
137 118
173 76
39 147
0 184
191 7
29 48
178 197
130 173
9 66
194 54
99 152
153 142
164 169
126 165
64 87
141 24
59 58
117 194
97 52
108 62
44 135
165 90
69 87
153 176
197 7
110 26
11 17
197 185
186 69
19 61
111 104
149 108
61 40
23 74
112 80
147 59
131 136
51 28
70 84
58 60
12 83
108 127
81 41
18 69
35 170
36 179
124 70
120 174
15 79
23 32
124 118
39 91
96 32
48 181
167 19
118 25
120 61
175 24
108 82
158 38
122 76
59 136
60 55
90 65
161 67
41 131
140 29
71 146
121 78
3 188
169 90
124 154
169 19
85 45
25 147
3 176
34 85
124 97
184 151
150 108
73 122
36 35
135 94
11 16
33 177
104 163
178 107
80 67
179 15
129 20
144 12
148 131
5 56
84 68
110 159
175 12
105 145
120 185
19 40
188 171
82 4
99 0
74 58
33 29
180 142
136 96
176 22
43 36
74 167
35 76
199 4
39 46
142 98
21 51
94 113
98 62
161 3
38 63
194 195
116 146
58 3
191 162
46 178
62 54
121 50
156 144
114 188
114 176
30 74
121 172
148 76
89 24
52 82
146 183
75 139
59 27
63 182
162 96
128 160
27 92
114 37
12 17
38 58
88 99
134 153
2 59
124 150
139 13
104 170
112 139
191 192
197 0
92 54
84 103
174 152
81 45
80 154
73 41
101 176
178 136
8 177
58 116
112 81
74 17
149 39
176 179
8 196
157 34
85 130
143 32
5 126
72 156
18 159
69 41
132 150
100 78
96 60
33 51
137 182
199 129
155 90
51 151
54 112
6 179
46 184
175 85
188 25
149 175
50 176
67 2
93 177
116 40
82 85
41 96
27 129
13 92
84 37
117 3
4 189
155 142
60 115
92 122
120 81
174 147
98 155
28 5
51 186
82 80
137 6
148 60
196 176
42 35
163 87
195 122
58 16
103 18
184 101
182 157
68 174
144 166
65 118
35 14
63 7
158 159
107 77
20 194
128 140
132 79
177 141
155 69
59 106
149 101
4 39
116 150
124 150
8 166
2 17
44 34
182 142
143 174
162 100
98 187
61 124
151 153
10 196
5 159
54 77
90 179
147 156
19 160
195 41
160 133
124 77
160 171
153 15
160 87
72 34
89 96
124 127
22 38
72 59
184 45
116 185
39 129
114 129
114 183
181 43
132 63
5 195
27 168
179 36
171 102
167 125
66 44
30 174
55 172
18 43
158 100
167 199
156 152
32 122
70 17
186 143
2 53
96 92
110 54
156 149
49 159
73 150
101 2
53 163
90 152
74 39
186 43
32 187
49 101
198 123
37 81
178 150
105 10
36 126
27 189
197 172
63 162
193 53
121 31
101 96
45 117
53 181
131 192
51 90
3 125
39 170
75 61
185 143
120 140
3 186
21 54
43 163
44 99
143 36
103 197
125 162
114 33
179 55
21 4
182 72
111 28
119 36
178 60
134 152
116 124
110 173
142 105
164 141
105 68
88 3
36 2
22 131
99 35
45 106
73 58
8 46
84 122
148 13
104 22
180 9
187 128
100 38
111 17
88 35
137 2
73 32
191 85
128 139
30 53
195 122
197 68
115 86
70 92
84 139
105 45
168 62
120 28
133 15
107 35
59 88
91 108
168 20
10 75
30 144
16 82
35 5
158 20
150 77
147 179
127 135
142 45
151 23
82 147
28 142
118 49
159 103
38 190
55 54
32 61
165 152
152 135
97 118
197 108
90 89
58 105
112 12
186 24
45 85
70 99
189 193
172 159
78 122
180 193
40 13
17 143
175 84
108 147
199 42
107 16
69 189
66 167
33 196
193 39
195 65
92 30
71 37
169 94
111 0
92 90
125 15
17 166
182 161
83 50
132 25
144 175
86 117
69 118
105 15
9 37
68 153
72 57
174 14
57 196
74 16
11 194
73 171
116 52
61 14
157 143
162 124
43 79
178 141
73 56
162 100
4 14
171 19
150 94
115 89
177 119
75 99
34 97
165 101
170 27
186 40
185 116
145 61
24 173
144 0
55 19
125 112
52 55
32 134
133 156
115 162
132 37
141 103
57 96
9 170
164 179
69 120
80 171
104 6
68 41
97 34
137 153
39 46
121 48
112 160
150 7
133 39
91 133
177 40
123 116
166 182
188 154
60 105
166 178
95 173
7 123
182 126
42 54
150 92
180 25
10 174
77 61
2 43
119 189
71 154
133 14
76 17
188 152
127 23
144 181
163 91
159 170
17 110
4 18
199 38
79 128
176 70
39 126
109 49
60 188
113 169
39 88
7 199
104 92
171 2
97 43
92 173
46 140
64 77
149 102
137 93
139 167
133 120
69 140
56 29
67 129
15 54
5 195
130 15
194 162
54 71
95 167
12 134
149 27
140 41
155 119
156 98
153 92
79 1
91 25
13 113
139 101
72 183
17 68
40 90
43 7
65 37
46 101
164 181
34 27
109 162
52 198
135 178
66 99
54 116
172 2
150 97
176 37
115 171
86 156
57 181
100 51
145 119
83 113
175 154
3 168
39 57
112 43
128 74
191 134
66 154
148 15
60 22
118 75
192 150
44 39
18 175
197 53
12 80
100 110
11 152
31 154
80 5
25 82
146 175
44 24
149 31
165 72
4 178
30 96
20 143
12 159
162 180
149 118
4 168
72 132
139 55
58 184
3 162
139 103
84 193
46 52
192 123
136 175
164 169
11 184
133 146
3 137
80 30
6 109
187 29
36 93
94 37
165 149
40 70
102 89
53 166
115 167
118 192
118 71
162 37
149 174
19 190
140 68
41 164
1 125
103 183
172 129
26 14
143 50
6 168
66 123
132 116
157 62
73 62
190 91
184 52
182 126
128 121
190 74
40 30
61 72
15 39
137 17
140 32
61 181
67 17
28 66
178 64
102 23
64 194
148 128
102 114
94 144
183 15
109 88
66 91
150 56
135 141
112 101
96 174
26 149
34 36
195 25
96 122
140 34
145 85
56 184
164 52
17 173
185 160
95 140
198 89
98 44
38 89
195 15
65 7
41 136
36 5
81 167
123 81
114 188
60 102
111 17
28 30
197 38
135 180
71 58
43 57
55 138
59 87
190 79
176 116
40 11
54 15
165 13
23 109
102 111
65 182
141 20
191 39
131 47
145 116
156 95
196 133
5 51
68 98
184 84
66 31
105 79
165 142
88 150
128 77
179 16
150 73
81 102
1 94
49 40
144 17
131 14
18 4
123 73
65 114
57 7
107 184
106 190
126 12
107 163
7 33
66 75
192 25
198 92
131 71
118 152
110 82
13 195
119 170
63 164
168 62
39 15
114 82
101 189
138 54
62 95
149 122
196 100
50 130
47 193
105 44
160 72
67 159
145 192
83 88
21 117
148 98
151 32
122 143
105 42
131 118
119 198
136 131
97 41
89 149
31 4
94 152
179 96
121 11
12 21
37 153
37 74
176 178
164 176
128 4
16 79
26 162
194 23
53 134
18 125
199 55
122 23
5 132
138 142
74 44
105 10
132 183
129 108
6 59
78 118
75 55
51 109
9 141
54 74
12 91
31 150
119 85
45 19
180 116
49 90
158 70
30 45
19 57
50 135
109 193
86 65
54 22
76 136
24 166
122 195
61 25
42 77
161 129
7 121
79 141
55 45
138 30
114 19
44 13
63 41
92 85
91 63
185 74
73 87
87 8
96 61
60 34
144 181
192 114
158 28
9 16
175 2
132 179
18 137
119 189
74 17
161 72
24 26
133 189
193 174
94 84
129 131
64 43
9 89
67 54
88 197
77 130
155 119
78 65
152 1
92 177
138 120
11 34
41 149
162 118
150 12
132 151
124 166
63 165
129 3
99 73
63 128
74 132
77 172
195 135
7 184
114 100
195 104
115 45
154 156
3 67
128 31
3 54
32 39
169 131
30 117
36 153
38 52
190 101
28 9
84 195
19 97
77 195
30 39
13 149
140 159
25 24
13 111
86 139
131 5
173 34
113 157
194 196
85 192
78 89
143 150
21 196
161 61
107 99
138 159
91 39
89 101
26 166
120 181
84 141
6 154
30 102
1 122
90 48
45 162
120 175
179 43
134 36
52 126
20 146
35 125
46 2
198 44
186 9
126 45
18 68
17 196
52 178
43 145
33 181
131 133
63 64
40 72
175 28
121 40
141 89
81 105
40 132
164 29
108 47
118 7
188 57
168 95
154 160
135 75
140 112
35 117
150 198
110 81
104 82
199 5
32 48
108 199
159 78
3 156
60 72
9 38
113 131
34 14
163 15
124 107
8 95
40 66
184 166
196 17
178 81
74 66
190 49
5 185
195 6
10 17
32 6
65 75
109 56
25 22
106 76
171 69
68 11
124 103
11 173
181 24
113 176
26 110
19 133
129 148
34 160
175 147
169 68
130 165
163 25
169 52
165 190
23 30
76 151
113 137
26 38
154 53
59 8
138 21
108 40
74 104
142 60
34 148
101 102
158 181
86 156
177 171
158 54
110 112
64 18
114 82
68 18
75 177
181 89
161 12
36 43
169 123
69 64
108 24
178 169
166 36
74 183
43 189
174 171
31 192
15 105
77 100
177 193
62 106
184 138
102 37
132 142
14 31
71 86
170 5
73 26
145 171
174 143
107 97
174 28
187 176
160 92
28 98
93 91
191 126
119 185
51 75
97 147
111 73
158 32
1 154
26 22
127 113
127 88
71 124
35 183
10 57
67 154
35 6
71 12
112 16
151 59
35 126
31 179
141 86
117 84
164 129
198 127
39 73
131 91
72 66
98 29
120 78
46 129
33 131
1 92
142 199
110 61
89 69
113 44
166 100
99 2
115 122
70 151
8 82
113 44
156 118
115 98
133 197
84 131
43 177
172 72
92 65
194 15
175 109
151 166
3 23
154 178
94 181
125 99
22 115
80 119
144 193
195 4
94 196
171 69
52 35
120 187
54 100
134 173
92 163
163 34
1 127
43 32
178 81
93 77
13 183
92 20
5 42
126 99
122 44
22 190
24 14
167 73
81 124
133 153
185 153
108 16
36 50
196 151
12 186
158 137
57 34
145 113
163 122
150 125
109 30
169 48
177 199
20 149
29 81
25 193
1 16
187 25
89 141
165 183
45 8
56 166
20 179
107 175
115 52
92 159
177 96
181 194
104 91
40 158
20 37
176 156
170 85
89 46
16 122
86 152
97 54
60 102
156 10
52 35
70 132
180 104
152 112
29 187
60 157
73 144
60 16
193 106
26 192
71 20
98 169
175 138
188 68
119 11
99 91
170 57
171 67
190 37
73 172
120 43
14 121
94 102
169 122
36 124
23 156
40 22
58 72
88 194
81 150
194 5
56 107
176 79
35 138
63 185
172 190
149 103
110 51
51 160
62 90
75 148
106 137
116 121
157 125
6 198
96 168
164 61
58 77
126 57
30 134
78 129
124 127
152 180
86 112
126 137
122 132
23 48
11 65
130 141
69 190
10 13
62 132
124 166
14 111
180 54
136 199
138 106
12 55
116 72
125 99
175 54
36 99
51 171
197 108
52 193
49 31
176 52
113 140
110 64
140 65
134 185
9 33
134 26
180 102
99 94
30 0
7 65
187 145
15 166
15 74
177 183
64 36
11 62
19 108
147 130
163 18
125 48
123 45
55 125
163 53
95 169
21 184
58 67
136 134
24 180
43 49
36 138
78 6
172 113
110 168
180 198
108 43
3 78
157 142
166 57
76 39
190 49
174 48
114 17
139 58
106 159
160 175
147 89
71 146
138 12
104 10
88 64
99 8
8 50
17 117
142 151
161 46
63 93
95 75
137 161
157 195
157 102
4 118
181 29
116 45
30 142
41 95
119 101
33 71
70 168
77 174
6 143
45 179
88 117
10 113
126 104
68 197
159 25
20 9
150 170
29 127
153 94
179 132
101 79
108 28
55 20
29 21
66 11
32 184
155 107
179 184
120 46
122 109
44 127
157 23
3 42
164 14
82 149
2 110
128 80
77 155
92 109
150 22
70 107
12 130
120 136
141 124
121 98
151 154
17 187
62 152
123 92
184 138
165 187
162 79
137 169
132 123
169 46
196 168
115 91
169 143
133 74
96 28
117 18
16 11
168 186
22 149
139 191
165 8
26 103
173 13
126 166
127 172
58 93
10 29
183 128
156 167
24 81
100 35
188 49
32 52
67 171
75 56
90 52
176 62
185 150
199 53
100 149
92 26
171 174
166 161
196 130
26 183
134 181
168 115
100 60
164 22
84 0
87 174
12 186
119 13
154 110
186 196
122 120
78 32
30 81
97 5
4 35
10 117
185 166
81 115
40 164
72 150
49 135
139 59
120 162
1 21
17 93
110 33
56 173
51 66
84 9
117 57
164 101
136 9
5 173
23 123
19 69
9 69
174 29
34 140
58 123
156 142
101 124
168 160
183 178
119 171
27 16
93 188
18 193
132 8
109 129
87 136
192 95
79 97
183 146
154 12
18 19
73 176
170 136
166 145
69 174
96 117
158 115
20 24
157 196
0 147
115 67
84 46
131 7
82 90
156 32
8 98
112 105
153 71
168 32
135 197
64 1
104 49
14 105
0 196
159 47
81 22
81 73
143 39
90 124
73 158
20 193
44 51
87 23
51 91
151 11
25 82
179 75
167 94
102 60
159 95
148 156
183 25
44 136
157 88
129 132
64 125
52 77
82 193
90 100
178 76
6 15
111 1
177 168
66 32
24 191
43 72
113 151
10 10
190 154
197 156
154 7
147 55
180 175
45 47
154 131
105 5
164 41
13 190
4 120
198 152
153 177
115 199
9 71
26 193
37 82
136 71
186 149
140 185
28 103
91 129
199 130
161 181
184 77
28 0
5 17
3 170
129 165
48 72
99 34
58 144
154 151
118 176
147 34
57 82
192 29
105 143
75 51
60 170
109 127
97 18
68 123
169 170
29 84
180 108
66 31
119 91
40 127
13 111
192 87
119 155
137 154
171 51
2 71
113 102
165 196
19 135
112 3
81 22
197 124
143 116
75 31
143 84
131 149
176 85
30 96
138 69
162 108
109 128
144 63
86 88
138 7
172 151
64 39
15 31
193 39
167 175
148 22
146 84
123 146
86 46
86 14
198 101
167 104
77 91
132 89
198 75
112 30
174 141
58 2
130 86
0 185
106 8
165 36
93 58
6 98
87 115
75 140
143 4
75 191
16 45
55 190
8 197
5 109
146 79
30 48
31 97
24 49
145 188
109 102
185 47
1 138
124 177
104 179
6 87
145 108
163 138
176 13
121 58
46 121
148 57
175 178
128 139
16 28
177 115
99 188
188 163
74 105
145 174
176 144
111 38
141 183
159 94
13 165
129 36
68 41
40 67
95 37
156 167
2 92
72 25
95 46
146 157
134 155
176 76
151 169
167 90
88 146
110 26
123 166
19 155
26 110
29 103
49 97
160 84
186 118
111 196
104 31
183 165
147 13
157 43
128 58
136 67
1 5
1 37
13 32
133 22
133 134
51 196
128 174
6 33
66 166
186 80
48 46
140 36
10 66
181 89
50 168
112 11
141 195
189 76
142 52
44 54
89 11
147 73
16 1
196 50
80 105
53 40
0 119
1 164
195 140
181 77
35 155
172 138
138 177
118 69
32 100
135 129
198 153
40 188
182 17
145 24
139 7
117 171
164 20
104 88
178 71
161 66
199 38
112 179
177 7
20 143
143 87
164 5
20 79
121 194
182 168
98 23
75 50
38 179
179 119
91 25
197 52
1 16
20 195
190 167
31 110
181 184
75 147
17 143
129 11
26 153
144 92
2 22
23 157
197 91
114 89
178 79
85 58
45 12
8 183
49 34
163 19
78 61
70 175
151 82
108 75
53 180
4 113
9 43
145 163
189 58
154 127
102 174
189 90
160 39
66 134
58 70
69 148
40 85
58 44
42 158
31 42
123 48
150 16
62 50
143 130
13 158
122 164
119 0
28 131
36 181
180 105
63 99
104 123
168 143
73 133
194 108
174 81
70 181
81 37
28 22
138 26
9 22
198 47
50 94
180 180
81 37
127 36
61 86
94 134
121 26
10 156
22 191
69 110
123 105
187 20
14 104
19 158
31 43
34 95
116 9
61 127
185 98
175 161
169 50
16 110
190 3
63 186
97 37
118 78
97 36
158 186
84 138
142 66
146 109
133 62
109 184
1 109
137 179
179 105
160 146
88 111
164 87
38 45
132 40
1 198
18 101
147 10
143 34
43 44
152 107
122 146
166 164
87 36
128 139
130 197
182 81
68 91
131 181
145 130
118 94
124 57
18 74
185 8
149 82
3 98
70 42
178 1
121 135
100 72
105 17
82 166
94 83
172 78
47 50
149 42
62 149
118 197
11 50
44 59
81 154
151 189
107 37
175 4
104 166
180 45
105 95
62 12
78 191
15 151
123 46
189 199
31 25
143 1
50 141
107 13
29 102
51 94
32 166
153 175
58 89
50 105
51 37
42 141
148 95
18 37
25 25
38 194
157 164
76 0
82 161
160 134
154 170
44 128
173 152
63 152
88 66
103 137
15 170
160 94
59 134
126 56
102 108
139 105
135 194
149 67
76 105
4 9
152 173
151 11
35 75
86 35
36 12
170 181
96 20
25 143
113 4
45 78
57 162
7 196
168 64
79 149
88 35
4 141
15 179
85 133
165 18
129 15
187 198
141 53
184 130
176 7
5 170
40 181
159 106
100 136
153 4
171 73
134 126
157 59
125 30
144 41
80 108
185 90
92 152
99 185
32 145
187 88
90 155
70 74
180 23
52 161
144 5
166 28
117 44
5 135
19 22
60 25
7 24
63 11
13 135
165 6
155 55
128 90
112 7
32 61
0 189
170 0
92 136
101 66
176 41
14 88
31 126
104 83
104 144
149 160
66 182
157 90
61 106
126 16
110 15
25 121
134 122
23 190
185 144
160 130
167 118
91 127
31 126
41 187
132 66
118 133
1 72
73 111
120 199
69 131
20 36
56 49
50 89
61 128
167 108
43 165
62 25
130 66
70 111
163 139
67 152
74 171
29 24
129 59
24 80
175 65
22 17
112 172
140 6
68 137
52 81
165 21
17 48
18 24
4 191
155 123
113 102
114 7
186 170
181 193
136 63
74 74
39 80
169 138
86 195
2 24
130 126
178 116
103 186
27 82
116 174
37 76
66 199
167 130
180 137
35 130
196 94
160 11
98 125
167 35
17 188
146 19
166 59
68 107
57 170
12 104
96 144
73 179
47 104
27 115
47 52
140 192
174 66
148 60
105 122
140 44
65 13
40 156
96 191
175 57
144 43
185 65
155 91
58 146
9 174
64 69
140 181
86 45
151 70
60 58
67 72
74 194
41 42
2 164
168 148
118 158
133 37
131 70
172 111
107 110
199 198
55 170
127 98
36 136
117 99
85 170
139 7
112 120
123 163
64 32
65 37
169 57
179 111
83 134
24 122
168 179
193 59
68 53
24 45
106 181
101 94
1 183
55 134
82 195
190 179
164 21
58 147
131 73
106 35
127 135
196 149
189 171
7 111
85 85
1 192
58 197
26 62
130 86
108 17
4 118
46 42
45 91
10 148
128 167
126 88
190 126
178 107
94 70
168 33
38 152
183 41
50 116
62 111
3 114
50 14
115 29
8 37
108 89
172 125
29 144
86 180
80 90
116 98
108 194
57 133
136 181
191 19
104 160
11 96
6 123
158 70
18 80
163 197
49 0
52 86
137 141
143 74
136 106
32 108
54 153
90 172
181 80
161 118
140 138
73 176
95 37
54 186
89 23
58 27
85 70
196 158
113 169
58 43
71 76
166 117
174 153
135 171
57 70
57 148
154 89
139 36
32 110
130 48
73 27
24 176
136 13
73 43
190 185
42 78
156 140
97 80
70 72
72 38
177 168
159 103
35 40
82 1
197 77
5 0
181 56
38 9
109 169
1 11
147 62
92 41
47 2
84 189
164 79
198 69
193 61
73 151
5 181
178 157
158 193
100 119
148 51
142 70
56 105
175 130
1 159
74 11
133 170
51 30
151 100
164 57
138 97
169 129
156 47
149 196
117 55
28 38
75 66
100 77
111 56
45 161
37 176
195 55
62 147
4 52
118 107
15 13
77 169
133 133
56 90
126 181
55 43
38 94
170 173
3 2
196 51
141 4
173 125
95 10
118 82
139 68
118 128
125 109
197 72
151 132
0 159
191 73
172 193
81 40
24 78
141 139
84 90
28 102
159 186
95 41
90 132
47 31
81 60
10 103
174 48
110 128
134 126
161 189
3 75
31 141
146 154
139 105
139 76
95 55
73 29
161 109
161 183
116 49
58 54
42 177
10 19
147 95
118 57
195 110
137 104
191 61
143 146
100 126
5 141
108 26
37 27
38 184
167 13
82 60
144 24
92 32
130 57
194 191
146 77
190 24
185 141
174 94
110 102
113 132
113 117
11 118
105 73
149 49
102 156
34 172
8 37
112 122
31 102
179 148
27 188
42 195
160 80
49 136
39 85
74 72
139 10
145 158
182 20
173 8
84 144
102 126
70 15
153 156
33 91
130 28
199 47
83 99
67 7
75 174
100 147
191 185
58 65
91 77
3 68
28 162
84 60
55 24
154 126
143 142
99 84
161 3
36 7
53 134
147 147
154 194
128 143
125 158
72 106
14 42
104 196
192 128
32 84
33 165
73 7
194 4
176 167
106 191
145 133
38 76
96 199
93 49
156 173
185 18
103 24
162 132
145 40
195 102
21 42
52 95
42 179
16 168
94 146
12 139
63 191
188 53
43 188
85 84
121 84
67 172
122 110
82 125
166 12
102 122
109 15
173 50
142 101
61 29
153 56
92 159
168 20
74 151
131 9
25 158
164 151
31 64
182 47
27 54
169 86
98 92
183 181
181 67
98 95
68 38
96 194
40 56
32 181
113 8
122 48
150 155
27 109
149 52
15 105
5 9
151 164
19 81
6 156
198 193
159 113
42 17
125 101
24 107
177 157
43 118
74 177
58 190
20 196
150 173
56 197
74 139
77 62
170 19
80 82
45 83
153 105
152 13
48 77
31 95
127 183
88 84
47 73
173 63
54 101
6 167
18 79
98 65
68 198
113 58
14 47
68 97
139 145
89 188
132 34
146 139
83 35
66 83
199 39
156 120
153 0
183 45
58 79
25 198
137 36
46 150
193 78
7 55
79 89
9 50
166 60
27 44
94 29
90 75
187 77
9 110
131 152
189 76
148 163
166 189
11 197
189 39
30 74
21 24
115 133
41 53
131 104
151 83
195 168
61 175
162 91
94 97
15 127
108 120
89 65
47 67
134 31
75 90
58 14
48 129
109 11
196 184
64 77
36 122
180 26
26 98
126 72
61 154
185 147
39 80
27 191
122 180
60 46
132 39
43 130
182 65
121 37
38 106
123 50
177 142
151 2
45 1
130 174
110 111
187 100
96 15
164 37
148 135
31 86
79 78
178 98
131 123
38 76
22 94
194 168
181 128
64 180
141 38
152 61
23 128
16 21
101 69
137 129
2 112
122 199
33 9
97 46
46 148
119 81
67 141
134 156
12 146
185 191
111 82
187 68
65 152
135 36
56 57
172 9
143 26
92 4
129 46
88 91
197 125
196 111
4 163
33 147
182 123
113 187
153 46
167 28
126 3
27 192
191 199
19 188
147 12
40 66
33 3
126 175
96 46
118 166
190 38
26 22
157 51
73 15
74 28
34 99
26 50
57 187
40 156
193 61
104 58
63 48
5 150
149 36
27 119
116 34
179 27
70 79
77 162
182 83
145 57
88 84
192 22
20 7
65 106
126 156
94 142
30 188
184 55
199 61
85 97
95 189
18 9
115 159
5 183
57 11
62 149
18 112
87 125
159 193
15 199
56 142
185 143
22 117
190 97
48 131
118 169
63 63
17 29
173 46
146 166
169 152
95 165
67 118
53 20
115 40
101 96
34 120
70 16
196 123
58 179
174 3
181 11
63 94
112 146
168 7
166 166
62 199
187 115
101 125
66 72
72 74
36 37
189 109
187 28
87 143
56 99
184 46
65 191
150 198
1 89
159 107
55 63
169 155
82 87
84 74
37 52
171 170
4 151
113 34
75 48
101 43
37 24
132 53
133 151
148 50
89 49
92 93
165 39
88 97
125 58
155 152
191 177
120 152
163 83
6 191
80 51
156 104
113 143
88 142
60 70
102 15
182 195
63 198
133 163
22 143
115 148
11 34
137 7
14 76
120 73
98 195
74 175
148 4
69 80
127 15
99 125
10 61
155 111
29 22
127 176
163 60
112 146
11 134
195 154
131 111
56 17
108 91
21 82
19 28
172 82
65 127
139 64
152 97
122 164
114 145
119 70
74 67
147 84
85 162
121 80
108 86
78 75
22 76
171 114
91 50
138 48
89 168
55 70
37 189
198 39
20 103
66 105
195 186
55 5
92 103
108 27
40 45
137 181
89 192
119 157
122 185
149 36
0 55
192 88
21 30
187 189
195 43
125 18
193 129
2 85
33 186
46 174
170 3
180 148
115 83
191 183
163 188
48 71
170 123
119 66
74 43
190 115
12 138
102 157
75 166
83 137
146 34
174 139
87 142
110 47
137 191
153 70
159 156
184 82
111 12
108 171
198 130
145 171
107 190
174 71
57 66
143 143
11 173
38 79
139 28
21 54
161 162
147 10
166 3
64 168
193 51
187 64
57 145
111 70
155 23
191 72
196 124
124 86
11 197
20 97
54 44
140 177
33 192
157 20
176 175
191 116
160 130
5 26
87 92
174 190
12 181
83 26
121 128
162 89
70 189
88 134
144 57
16 179
198 179
158 22
7 179
114 89
193 181
55 39
174 113
41 69
74 80
1 55
102 101
116 133
18 72
163 29
168 44
43 88
80 29
32 175
47 139
167 106
132 118
190 177
11 71
96 82
190 34
23 143
9 186
34 135
196 61
8 97
160 150
93 50
193 76
23 14
48 80
58 154
67 156
17 128
113 19
21 191
9 197
134 169
64 176
100 189
176 83
69 2
76 151
38 94
193 84
34 156
197 75
141 27
19 63
147 125
85 141
131 60
140 81
193 176
110 91
0 98
135 67
92 19
62 25
44 82
135 122
88 4
89 114
112 155
186 77
20 18
79 129
157 52
111 122
82 195
137 64
176 183
64 122
142 25
77 21
69 179
51 187
73 11
148 10
179 36
149 104
37 138
79 195
145 165
90 146
58 176
15 126
93 119
54 104
86 68
171 72
52 93
110 152
74 98
159 135
39 33
128 85
9 121
39 150
46 154
176 80
84 19
48 76
128 172
129 196
111 183
157 11
7 127
129 26
52 143
137 17
194 183
146 197
93 39
118 77
12 90
123 55
6 187
20 95
39 79
55 147
173 171
82 95
112 152
90 92
140 183
116 84
40 62
54 175
159 99
151 41
103 1
170 172
118 155
184 148
179 190
84 183
60 121
139 96
185 58
84 23
129 56
22 103
176 133
106 6
183 69
80 187
52 71
83 169
58 10
34 100
155 130
30 170
193 149
187 176
127 32
117 190
140 140
145 53
42 81
45 157
157 79
113 9
47 27
32 85
73 29
172 135
6 79
95 170
93 67
83 13
63 30
44 88
130 187
146 183
69 172
149 81
65 175
43 35
68 171
38 18
72 97
70 14
1 139
132 59
123 101
95 112
86 52
145 142
19 72
145 177
30 73
192 166
30 112
58 112
17 187
176 4
174 142
144 143
7 33
105 117
75 140
74 48
118 15
198 136
162 84
10 82
84 56
112 87
41 173
198 59
154 157
0 3
196 188
180 163
78 168
15 158
163 87
172 32
28 55
114 80
0 193
116 179
121 138
136 123
100 11
128 161
148 168
40 75
115 96
182 23
64 100
109 183
184 17
116 8
14 118
170 93
157 28
67 150
194 179
138 31
24 55
111 141
155 52
176 86
71 150
92 185
187 172
164 154
187 185
45 1
183 182
140 83
99 168
157 74
89 29
84 94
157 181
101 170
114 194
146 12
180 76
74 106
70 151
157 78
190 183
72 67
44 73
36 78
75 38
171 32
15 53
104 88
171 170
138 145
43 151
82 73
110 13
179 104
16 43
178 21
165 133
1 75
90 44
181 147
68 39
127 116
7 163
151 104
90 109
75 1
11 117
1 173
65 142
34 19
74 57
22 97
109 103
43 161
137 76
106 176
24 161
140 129
140 157
145 148
116 132
106 40
199 90
153 96
71 118
87 112
140 3
36 91
148 172
90 87
177 20
84 191
112 148
98 106
185 123
126 132
7 36
169 83
134 169
67 9
88 126
108 92
116 91
104 150
10 104
196 119
149 38
155 59
58 20
48 35
178 198
25 17
27 105
15 1
46 110
4 43
100 85
50 126
118 71
194 157
74 32
34 8
83 22
125 40
17 130
33 167
98 51
76 88
96 131
191 135
28 108
137 60
162 50
180 22
128 106
90 34
77 191
50 39
107 23
60 46
67 131
139 46
40 57
149 22
139 79
106 95
148 143
126 149
116 89
36 59
194 21
80 35
97 18
139 155
54 176
32 113
5 81
6 108
33 67
172 29
24 122
160 179
70 185
51 105
173 105
164 44
146 89
71 153
39 49
25 165
30 146
24 198
51 188
90 119
193 114
179 133
77 41
156 83
59 57
48 54
166 142
122 151
51 12
184 57
175 143
10 27
146 153
167 81
117 29
187 127
163 125
62 197
143 13
191 131
114 182
147 34
43 23
2 136
142 22
0 14
57 70
74 60
55 10
159 100
103 183
193 91
62 106
29 174
61 33
180 76
160 186
59 35
184 8
132 80
163 120
121 50
100 53
173 101
109 58
161 178
194 192
95 81
191 76
11 198
173 32
16 174
168 175
80 116
152 50
101 155
120 173
131 8
60 96
111 110
78 124
82 199
0 40
82 63
40 27
25 186
18 41
196 35
109 92
162 115
108 122
111 122
41 160
45 106
194 172
144 79
147 44
179 156
37 66
101 34
190 146
179 191
47 112
188 37
199 75
151 20
94 59
176 58
69 28
1 15
95 193
164 93
73 30
76 134
177 122
54 63
82 15
3 173
146 14
134 21
125 153
92 1
136 163
103 0
77 51
64 174
166 15
25 88
182 79
137 30
94 119
82 144
81 160
181 122
143 5
118 100
66 35
23 25
113 98
134 183
167 31
143 92
60 121
127 40
156 123
196 63
122 46
94 65
163 179
71 23
152 134
33 161
47 149
137 41
122 3
95 125
104 193
21 132
135 83
124 197
169 131
182 42
128 161
102 155
123 163
119 83
92 103
103 163
162 115
146 7
59 76
85 170
5 88
122 45
135 91
144 78
40 85
111 144
182 98
166 72
162 188
31 133
55 185
180 6
137 159
148 83
26 25
135 58
24 180
165 69
11 37
107 122
138 151
151 50
15 108
63 103
105 85
20 83
35 118
31 76
0 125
60 167
88 38
139 69
7 145
92 36
131 152
103 43
8 116
20 28
29 35
159 158
20 121
185 120
124 119
22 38
172 174
101 147
65 194
81 14
84 13
183 110
161 183
124 175
87 62
183 82
9 7
32 16
113 187
24 79
95 71
66 53
166 187
11 54
185 28
112 120
13 110
26 99
30 130
70 163
49 19
122 6
6 12
20 132
88 130
26 11
110 39
84 187
57 51
162 13
20 114
70 49
129 173
182 72
185 179
32 92
107 142
179 156
192 132
134 140
112 178
189 90
68 23
38 150
35 129
171 54
160 25
186 24
44 132
180 78
61 84
117 55
189 177
1 0
140 100
84 55
147 120
180 190
96 140
74 51
8 164
158 162
78 68
76 110
83 116
36 63
21 79
192 75
132 123
44 50
51 168
167 193
168 138
20 22
142 91
130 85
192 54
36 130
43 71
144 148
139 19
62 181
62 13
53 37
6 124
39 177
145 146
149 156
23 127
132 54
143 43
8 93
5 126
111 70
5 96
173 70
60 19
126 151
132 100
64 16
58 199
157 131
31 181
111 1
22 90
88 146
14 109
65 49
72 8
16 137
193 15
51 12
146 145
176 170
173 35
64 90
95 99
137 101
196 26
0 176
50 31
98 89
67 5
113 188
67 145
8 197
80 31
176 122
73 109
67 47
171 58
62 192
27 71
170 58
21 106
79 72
20 197
118 185
86 174
131 5
83 148
182 196
0 44
47 115
111 187
96 14
152 140
143 173
36 0
191 55
6 21
8 102
167 25
32 90
85 111
197 37
48 72
117 187
22 193
104 25
62 40
198 156
155 99
94 96
37 132
107 199
126 193
7 196
32 33
83 64
110 78
77 71
65 23
148 152
139 166
109 39
103 26
3 185
58 124
195 17
193 164
157 31
8 113
122 187
172 52
195 100
27 79
41 62
196 176
81 73
27 177
128 8
30 121
162 55
112 27
29 89
151 168
128 174
174 87
112 77
80 102
139 70
38 7
68 196
3 164
33 118
32 192
87 82
50 13
128 148
81 177
95 57
178 163
172 170
104 193
88 114
39 138
68 10
28 124
154 13
38 150
11 178
68 175
137 125
1 71
138 160
194 121
8 11
105 176
49 164
44 143
76 61
92 127
34 169
17 105
126 143
154 8
67 94
199 87
100 191
176 12
12 68
187 170
161 15
186 105
154 54
3 43
7 4
80 120
118 78
191 14
167 70
5 115
131 87
5 91
54 9
62 43
115 191
66 30
132 123
97 151
170 100
78 57
38 128
86 163
178 179
78 23
55 103
148 122
95 118
188 9
46 175
172 73
99 142
195 27
23 8
60 17
48 193
30 48
56 64
2 121
197 92
111 105
86 10
118 137
15 125
9 194
46 2
85 52
166 121
150 18
49 63
152 188
27 161
108 195
116 79
162 194
36 194
148 60
167 34
27 9
60 173
157 161
114 23
70 141
138 158
95 145
141 135
142 118
79 138
182 72
109 155
186 46
92 142
88 195
38 128
104 111
38 66
36 167
99 19
118 104
137 66
179 174
189 76
188 108
4 28
28 154
132 20
24 21
79 193
189 113
5 179
163 98
16 132
18 90
120 100
46 77
105 56
46 44
149 123
50 143
78 81
152 113
31 178
18 70
11 186
127 69
115 182
17 68
9 172
135 20
117 106
87 99
38 183
21 169
59 192
124 106
166 79
103 190
105 67
196 12
172 91
145 65
184 112
48 22
111 168
95 193
197 159
142 54
9 8
45 61
101 144
101 58
149 167
170 91
113 198
160 89
108 39
197 82
80 135
141 80
89 120
109 185
152 9
56 70
109 62
19 67
119 120
54 36
91 192
39 9
113 7
149 2
179 74
0 126
127 72
17 197
62 188
113 174
184 132
163 115
133 145
95 92
107 142
149 163
186 168
186 150
109 20
139 158
184 147
27 73
13 103
91 82
185 45
24 157
189 192
66 61
182 191
89 62
107 116
182 121
116 172
128 27
58 177
162 143
181 103
33 31
140 191
9 183
162 106
55 100
84 186
103 89
113 34
33 173
135 100
76 68
110 63
154 83
166 81
134 177
194 17
5 37
158 23
118 18
17 9
149 59
71 158
79 171
112 146
105 173
60 44
168 169
161 73
27 150
199 103
17 43
140 39
38 193
161 62
17 9
38 48
121 42
35 7
62 178
135 6
88 189
124 19
35 137
11 161
179 176
126 170
63 70
32 69
149 32
164 151
166 124
9 67
122 154
165 131
126 191
186 11
161 45
169 179
46 94
155 47
114 130
197 27
43 76
165 124
106 115
170 55
167 165
79 125
83 41
24 103
108 10
85 79
184 72
51 75
76 129
54 26
124 41
97 74
58 33
48 197
178 107
34 75
80 184
88 93
0 33
174 73
84 54
174 117
35 16
110 107
87 140
6 128
168 7
5 84
62 91
4 100
182 116
30 16
40 183
192 68
33 14
117 198
58 152
113 52
161 0
62 17
134 91
86 101
174 77
193 54
63 152
170 113
139 34
53 19
68 189
151 38
52 141
103 141
95 197
63 146
35 20
67 122
42 102
148 41
88 49
143 35
108 98
135 23
85 125
3 197
56 40
41 168
96 0
171 24
107 171
55 67
121 143
48 171
188 1
22 7
156 140
198 124
112 121
88 89
120 115
191 20
143 198
115 35
178 196
93 8
124 11
44 16
132 134
45 40
96 32
18 158
169 131
129 101
8 56
89 127
19 65
82 116
169 74
163 194
76 121
180 93
32 67
176 27
103 173
183 160
164 142
93 96
38 163
150 195
150 147
156 195
20 36
78 169
142 186
121 107
35 35
98 173
92 53
10 48
23 177
37 74
177 76
69 148
61 38
113 58
5 171
164 108
148 49
41 2
85 139
99 67
132 174
18 111
66 110
167 136
11 132
86 2
71 47
23 159
103 25
181 166
7 11
62 85
124 179
199 8
154 48
108 63
91 134
77 188
3 18
24 13
176 57
193 44
78 35
170 146
178 145
114 106
37 122
46 178
83 28
65 67
189 192
109 130
69 18
122 151
145 6
169 75
138 193
185 18
0 29
11 188
54 105
32 47
125 53
43 23
26 33
187 111
3 163
91 129
78 178
16 18
140 130
19 172
192 12
133 197
140 147
176 36
161 104
199 1
19 27
69 148
164 15
41 77
92 197
146 172
70 40
40 128
64 108
5 108
124 23
62 46
11 103
185 177
19 4
154 90
155 51
92 65
149 68
68 166
100 188
64 1
183 12
101 59
91 68
177 175
161 24
196 102
92 61
107 107
9 187
168 108
188 68
195 128
184 136
95 16
118 51
23 12
17 155
0 108
18 113
60 141
72 167
177 115
27 157
20 54
72 77
101 95
183 83
104 127
74 34
131 61
83 117
112 29
92 162
47 53
128 30
138 46
144 175
178 129
138 58
59 67
185 69
88 59
95 61
100 148
163 4
88 137
95 68
33 8
168 100
74 44
48 148
92 117
90 78
81 52
55 77
74 2
50 158
13 142
8 142
174 175
167 157
2 104
80 150
81 88
2 128
186 129
33 74
91 180
71 1
26 168
71 184
111 138
156 114
92 173
118 22
50 117
187 44
80 101
103 192
62 51
82 183
126 66
95 60
117 31
194 68
16 161
185 130
189 191
199 183
119 53
91 77
19 132
186 167
41 169
154 7
122 31
77 114
60 54
105 124
123 128
76 57
150 174
114 127
165 48
90 32
93 26
158 158
62 37
85 37
56 3
116 149
68 85
67 149
103 178
0 175
188 83
152 79
36 74
187 100
46 122
182 148
195 18
170 5
154 6
83 126
17 85
146 95
134 8
189 147
147 79
84 190
163 128
146 4
21 191
144 190
199 100
121 54
181 189
143 174
67 148
159 195
26 10
147 7
82 84
61 72
147 147
20 192
184 96
5 44
162 86
131 176
35 85
42 86
34 4
46 146
176 137
133 150
19 178
77 106
73 40
132 7
176 1
155 54
46 7
181 63
147 157
137 197
90 138
12 10
197 72
93 196
118 70
126 100
114 140
50 191
121 194
64 176
165 150
195 3
145 69
100 141
10 184
63 7
122 79
123 73
199 79
46 152
175 76
84 143
168 143
42 152
42 174
75 18
137 161
93 110
118 39
185 68
47 135
51 182
131 100
66 87
158 163
60 131
118 117
46 45
48 20
109 142
140 46
130 99
74 40
195 45
79 31
18 157
188 139
20 41
196 168
140 153
34 196
91 158
62 188
193 102
44 15
63 189
193 150
22 91
75 96
148 96
85 185
126 164
82 157
28 27
144 137
25 139
105 182
185 124
27 181
10 55
99 18
1 109
13 139
9 1
17 39
191 33
5 161
141 28
134 6
156 37
72 0
52 172
71 199
145 37
154 29
65 111
158 155
6 10
70 56
195 33
91 25
185 181
30 174
105 80
157 133
65 72
188 85
89 133
165 9
48 89
60 156
63 93
132 128
12 51
20 81
34 7
115 151
10 137
169 152
89 26
5 3
88 98
158 160
86 60
96 92
140 146
137 165
54 184
29 76
4 119
42 52
119 192
82 129
20 13
129 42
61 113
45 115
45 171
4 94
184 178
136 26
113 101
111 94
197 32
38 180
41 132
86 112
199 149
59 165
81 30
176 182
92 102
31 1
127 99
165 152
189 30
19 129
10 183
103 153
169 128
89 27
111 38
42 71
64 45
21 126
66 106
83 199
34 16
108 14
145 43
65 43
169 150
174 168
94 139
183 184
128 141
167 122
133 198
193 50
181 10
93 26
19 16
133 170
102 110
167 102
90 190
66 181
103 4
117 148
35 137
151 70
88 154
93 168
15 36
175 43
142 160
110 170
189 115
167 97
149 100
129 178
42 96
135 75
41 131
117 100
27 181
86 126
198 78
157 74
139 186
64 27
63 27
75 33
193 50
151 6
144 50
13 125
190 161
30 25
66 199
71 125
122 114
112 115
78 63
30 199
41 3
194 155
33 188
23 131
67 62
126 19
59 2
116 137
88 64
122 133
69 86
193 160
85 1
171 193
176 22
166 112
124 112
56 41
153 106
184 123
120 137
113 9
56 9
23 164
54 9
160 151
21 44
66 31
34 55
117 186
121 43
28 106
135 98
164 27
152 175
4 78
13 123
183 196
194 138
160 179
136 189
169 47
178 91
87 78
113 10
71 26
178 11
142 181
109 22
22 170
64 165
121 54
35 9
168 114
148 45
117 87
189 169
155 101
157 123
150 46
75 88
83 172
179 27
46 45
60 2
16 157
124 168
142 10
89 107
33 136
190 133
144 97
9 75
74 48
156 73
112 178
158 96
23 70
193 41
86 89
6 109
162 145
39 154
177 86
138 191
187 7
190 36
15 130
183 136
144 153
126 56
123 131
69 67
141 179
192 109
51 107
190 52
4 56
142 84
101 87
46 42
197 128
0 27
49 140
108 115
75 158
151 120
61 195
71 110
31 28
132 149
190 70
80 53
142 93
140 184
53 11
172 68
119 188
107 183
165 0
110 183
153 62
183 82
95 63
123 17
158 127
187 33
45 186
180 29
34 149
33 48
172 14
166 131
136 131
21 182
9 141
24 31
11 61
26 44
80 107
175 91
199 191
0 182
103 106
158 27
116 74
45 139
195 37
11 34
181 52
79 160
14 191
12 14
33 0
152 152
191 104
130 36
147 17
9 12
45 75
90 163
40 127
28 88
129 50
29 133
183 119
70 144
46 94
46 61
143 135
86 148
57 37
21 189
40 87
194 42
67 31
189 2
191 123
126 82
136 158
22 7
168 81
151 5
14 140
68 57
26 123
193 176
179 78
57 127
133 196
93 56
98 91
172 38
156 174
115 150
171 31
80 98
79 3
45 5
67 5
88 114
141 93
116 88
34 114
44 82
10 122
152 6
24 27
39 188
118 148
92 153
31 67
181 3
112 131
197 18
45 155
172 18
132 156
107 161
47 182
74 125
107 11
83 41
77 63
75 188
3 194
141 180
106 189
29 96
87 80
67 39
16 31
81 33
131 21
108 193
158 160
139 87
81 79
126 120
14 27
124 88
186 81
182 164
145 125
108 143
3 131
38 5
145 86
18 157
110 197
162 77
29 50
72 163
30 36
119 99
194 122
170 101
93 137
153 99
51 198
48 198
53 188
128 198
177 7
154 7
1 199
25 197
183 187
70 182
91 89
184 56
27 34
45 119
61 31
114 57
117 139
116 128
96 27
82 176
31 147
130 129
188 144
111 152
144 190
169 119
196 89
147 52
66 7
82 152
116 137
137 143
106 137
122 144
113 171
22 11
181 198
117 47
122 185
75 197
30 42
154 62
119 39
77 59
134 50
35 37
115 196
85 116
159 18
193 116
71 121
93 190
70 93
108 113
41 30
35 176
86 174
148 69
94 55
153 142
53 86
81 14
15 154
186 86
24 30
86 136
33 42
16 5
89 179
181 168
38 181
107 116
173 111
192 73
141 130
66 62
21 8
89 185
33 103
171 13
122 18
49 7
81 136
148 197
159 102
116 134
16 160
83 38
85 31
99 9
129 12
129 190
44 105
119 47
64 99
156 141
50 198
28 73
34 199
186 5
10 58
40 175
20 145
164 57
2 119
27 136
165 8
160 61
7 101
107 189
115 171
35 158
0 161
12 30
47 43
93 138
4 50
163 192
191 175
70 144
151 166
171 34
165 165
149 178
117 84
48 7
86 139
166 44
15 123
73 75
29 135
65 129
28 126
79 105
107 56
128 123
100 143
63 176
87 149
133 133
112 32
95 92
103 140
142 170
88 72
192 147
142 101
77 150
148 148
27 195
160 197
25 69
26 128
40 18
197 41
138 96
11 77
70 150
182 173
56 135
127 55
87 92
44 182
26 170
156 62
121 68
14 54
35 101
177 37
60 62
43 29
182 175
45 139
23 131
128 128
143 109
13 68
137 82
20 59
94 86
47 97
8 53
195 147
77 154
83 50
30 109
64 17
44 95
34 99
166 177
34 171
182 8
23 102
38 21
139 180
17 95
53 9
75 53
98 126
165 45
119 62
90 172
63 150
132 71
65 37
101 12
64 7
135 179
185 104
123 66
143 60
126 88
41 42
23 87
50 107
127 166
90 86
129 42
146 127
9 177
162 56
197 110
38 187
149 62
101 50
185 84
103 55
189 60
151 15
152 2
137 45
165 176
61 167
99 160
128 144
74 38
21 19
48 44
100 68
171 25
45 194
12 183
155 49
88 150
143 113
185 7
30 134
157 103
180 75
63 196
147 171
39 76
27 45
140 162
81 57
71 192
54 187
58 187
111 102
110 60
82 26
16 86
101 126
12 127
47 37
44 82
53 178
19 47
75 7
68 1
146 197
29 72
7 81
194 151
144 52
10 99
24 191
63 184
144 89
159 197
120 7
99 181
148 86
56 166
32 118
183 20
40 105
16 9
162 39
175 54
47 33
120 129
146 116
136 23
131 116
122 45
144 36
0 148
91 197
20 93
93 50
100 7
16 48
176 109
161 3
141 78
38 8
41 155
28 30
126 172
78 139
61 26
140 47
99 47
126 182
102 45
28 6
172 197
199 185
102 179
170 173
154 56
67 92
121 26
83 152
62 161
77 146
2 3
195 61
29 180
36 183
56 172
131 181
61 173
18 47
32 107
186 7
148 163
128 44
143 147
47 55
113 30
50 32
128 181
83 168
180 4
121 58
136 17
172 24
127 137
169 85
123 37
185 69
185 188
36 12
111 70
138 106
42 25
64 191
62 196
88 91
1 41
111 162
112 170
179 140
85 112
2 19
170 31
194 64
103 138
199 46
121 181
42 186
94 26
136 13
199 137
149 158
123 42
189 164
87 64
189 168
161 105
6 33
44 145
181 147
24 106
91 97
58 173
178 1
125 37
64 75
153 197
127 79
73 42
65 76
115 86
7 119
178 4
182 93
190 198
186 181
149 129
3 48
107 7
37 109
10 68
188 95
81 13
1 155
164 76
101 25
28 74
62 16
5 141
189 155
2 58
168 66
93 134
95 40
191 188
95 6
193 183
88 64
26 107
26 149
188 151
126 128
17 57
179 131
145 47
161 32
25 139
109 10
9 82
80 39
160 128
26 137
49 137
28 44
42 111
179 59
148 95
112 163
148 25
87 156
153 87
152 110
60 49
192 99
76 60
98 167
72 154
152 144
165 104
111 104
131 51
135 181
88 110
35 75
20 11
112 123
71 83
153 130
184 181
27 108
112 94
117 140
167 197
129 102
131 150
198 24
61 116
179 23
51 48
54 134
13 163
122 100
158 61
90 0
193 177
133 162
84 140
24 93
188 117
4 55
137 125
110 187
133 129
88 4
52 120
138 66
102 196
142 145
87 62
59 169
59 73
78 80
160 99
76 172
109 52
103 194
73 192
69 192
159 24
163 80
150 53
78 78
5 183
106 102
50 11
31 101
120 32
99 117
77 164
58 142
84 141
82 158
38 191
112 102
9 54
197 13
178 126
79 67
11 136
38 80
181 36
156 88
70 64
155 19
35 44
103 49
28 130
80 57
83 159
86 174
115 156
160 35
136 4
71 159
132 195
12 19
8 50
78 58
34 65
20 34
55 77
81 94
11 23
61 140
199 10
63 115
88 130
117 88
13 56
3 168
82 138
29 122
14 5
74 15
47 136
184 182
141 102
124 167
100 128
23 187
56 48
84 6
115 69
105 5
11 7
173 89
59 100
170 59
170 194
105 176
188 9
92 85
31 48
179 41
102 151
156 34
52 150
190 197
37 96
45 34
85 108
89 45
103 142
71 130
10 156
44 58
131 3
130 63
160 90
196 109
46 14
31 53
77 176
90 178
56 179
65 54
8 42
37 46
85 94
21 57
21 106
99 120
102 63
127 190
104 108
101 73
101 76
95 148
9 13
153 132
4 98
175 96
124 10
107 72
152 194
33 197
135 55
42 176
78 49
132 58
121 21
12 39
25 13
61 43
14 117
11 127
158 138
93 29
143 24
112 106
91 162
130 77
64 159
145 99
88 57
70 149
40 70
29 78
107 76
173 36
67 35
45 16
88 58
127 109
2 26
46 1
193 155
130 138
59 83
177 194
38 38
190 185
135 67
171 40
63 99
141 154
120 113
175 30
31 13
86 106
85 58
62 97
93 45
174 25
63 14
132 167
182 169
57 23
197 165
59 66
114 9
183 183
100 128
25 1
87 16
84 176
27 77
59 24
195 37
159 65
178 46
161 159
46 10
86 68
47 105
80 195
167 101
142 163
97 180
7 55
121 197
159 90
130 136
51 190
22 192
157 185
133 183
197 148
42 62
21 78
187 108
142 194
47 97
59 55
163 33
88 96
128 113
78 89
199 28
96 149
66 107
113 5
152 163
40 159
15 66
144 188
96 188
192 135
110 189
43 21
170 39
99 123
3 165
89 51
131 175
153 159
94 89
28 115
64 160
114 0
17 1
111 49
66 148
187 14
119 111
126 83
101 124
56 140
194 11
90 70
180 183
122 90
9 124
85 91
113 89
149 80
34 16
85 18
147 176
5 89
82 112
66 93
59 194
181 86
103 128
105 93
80 52
156 29
20 82
175 154
79 116
91 14
61 28
76 40
183 0
121 52
25 49
125 18
147 59
72 186
158 24
138 77
41 21
147 182
47 53
103 86
19 176
142 10
89 119
120 126
63 89
92 116
111 86
160 9
137 143
18 60
177 70
118 17
116 115
76 163
172 48
33 97
140 78
6 64
79 174
171 81
126 33
82 38
68 147
100 166
102 198
100 116
114 163
137 78
33 12
43 76
56 144
110 88
46 132
190 137
5 95
100 28
65 52
124 64
138 18
91 117
50 125
166 107
43 160
192 130
79 129
22 111
150 130
39 167
151 133
173 47
13 68
95 132
35 137
43 136
115 120
147 144
45 56
160 196
171 21
188 154
175 150
32 73
173 14
32 36
55 152
65 29
62 91
184 39
152 71
21 86
46 84
102 155
80 122
85 135
57 53
144 101
192 77
195 155
9 19
131 104
176 169
157 69
77 113
31 143
176 169
108 167
195 117
54 30
105 8
58 98
162 170
192 146
76 168
96 180
93 14
174 199
18 91
52 139
7 11
26 136
11 195
48 2
4 186
172 125
96 4
48 20
110 117
34 188
108 82
121 12
85 49
24 74
4 65
150 81
137 142
143 86
119 0
62 165
17 79
27 113
101 41
85 172
18 179
45 103
163 193
159 10
137 178
83 84
29 134
4 67
91 191
11 128
18 97
165 179
36 40
95 167
32 63
50 55
54 88
186 9
63 188
80 71
101 59
85 130
144 129
129 162
36 48
1 182
49 39
131 68
1 147
106 89
117 134
78 76
193 26
9 75
123 15
172 76
134 102
109 4
139 134
118 46
179 36
138 150
21 122
157 114
96 50
68 153
96 16
64 2
13 82
108 113
2 193
67 155
186 12
23 188
11 95
152 59
123 117
159 100
57 73
174 59
63 171
54 127
99 184
199 99
61 60
178 181
178 133
103 137
160 166
108 160
157 24
56 19
129 122
199 196
107 109
27 44
109 84
87 88
35 91
49 64
95 126
99 42
165 114
132 118
148 86
116 129
63 177
141 103
110 17
24 137
161 155
0 1
32 144
30 179
77 85
117 144
164 170
23 122
47 173
38 9
185 53
125 60
65 66
61 165
172 124
75 28
13 154
86 129
172 121
167 124
79 16
10 64
54 22
186 136
59 141
94 74
160 119
153 122
117 76
90 164
36 151
129 138
163 141
27 42
171 21
164 153
131 66
106 108
70 198
70 15
94 128
19 185
84 62
82 39
143 151
33 51
116 94
62 11
106 53
106 69
6 103
5 125
48 19
52 110
113 142
150 37
55 63
63 10
150 26
51 24
158 32
12 187
177 70
0 104
122 31
139 13
118 63
53 116
170 73
157 69
37 180
25 123
46 83
147 145
170 194
133 70
41 143
106 158
104 104
99 57
81 153
168 128
45 180
186 16
165 68
144 129
7 90
194 111
41 42
109 13
64 9
0 160
60 110
81 193
20 85
96 72
62 108
154 67
64 122
190 91
132 152
15 192
37 130
150 11
117 182
52 151
157 143
153 118
162 188
22 118
167 50
114 181
162 176
131 15
128 136
161 128
111 153
102 188
95 33
108 99
126 89
151 79
1 84
11 11
163 122
85 65
142 106
56 145
188 160
2 79
156 101
159 195
5 37
16 155
74 90
142 120
143 80
187 138
155 170
67 142
55 168
37 106
99 53
94 15
58 108
2 149
91 41
72 124
60 170
60 191
13 186
151 153
0 103
167 72
126 115
18 110
15 96
109 199
109 125
123 4
90 53
183 153
2 88
149 118
187 128
37 158
4 75
180 69
116 51
141 8
37 174
55 116
105 133
3 31
68 126
9 63
34 194
113 31
164 182
107 191
59 157
36 81
138 40
171 56
121 175
95 105
87 117
166 126
81 77
43 175
154 128
20 22
82 95
11 194
82 157
137 44
5 148
125 22
143 39
38 54
192 80
187 195
178 37
6 39
118 95
41 90
10 61
48 147
32 68
51 139
146 102
162 62
43 180
84 56
21 114
60 130
125 66
116 161
109 132
183 148
147 103
16 148
23 110
36 48
65 182
127 118
102 156
55 151
41 183
42 122
183 16
160 39
126 42
122 114
88 75
124 19
132 24
19 128
9 121
36 194
123 155
91 99
88 73
64 1
13 72
45 184
17 138
102 184
30 77
15 125
139 62
146 196
90 185
38 77
143 10
98 104
171 20
142 85
171 163
172 153
120 116
147 8
75 19
18 82
117 122
40 162
44 80
158 2
51 59
0 172
142 107
0 125
6 34
102 192
112 56
32 61
138 84
29 118
103 5
127 117
107 37
154 136
79 119
198 157
84 2
198 138
154 136
182 153
150 179
190 176
80 159
16 135
144 185
89 175
71 177
72 177
12 74
160 126
85 170
86 102
143 154
24 176
189 55
76 44
111 23
4 156
48 12
159 133
63 9
123 6
113 133
136 137
64 58
190 147
118 149
40 182
125 43
1 23
110 120
131 113
120 197
70 56
176 142
31 181
181 83
26 158
64 91
116 104
126 90
36 176
76 3
1 80
34 92
2 139
198 49
17 35
56 9
101 175
88 105
6 71
67 40
74 32
177 161
134 150
32 24
167 32
151 9
187 37
152 22
184 90
14 147
64 99
34 122
179 174
185 95
10 17
141 187
48 100
84 0
42 107
28 112
16 56
147 124
149 52
145 67
199 130
146 50
119 80
66 40
167 147
33 171
61 158
108 21
54 81
170 51
57 119
57 31
145 54
22 143
59 163
134 136
199 140
144 171
127 84
102 57
175 129
153 85
129 53
122 54
55 47
34 117
164 60
140 89
60 112
194 24
141 78
98 38
122 99
192 173
26 61
161 43
101 58
11 131
55 3
181 71
168 80
70 47
24 130
138 151
73 197
49 82
128 112
15 143
18 115
27 146
24 20
94 152
170 117
171 177
36 198
32 20
103 158
58 134
55 97
53 170
151 40
147 199
79 24
74 122
82 154
101 18
171 73
111 42
42 183
52 175
124 69
71 23
110 136
90 110
50 177
31 145
66 97
79 186
36 18
40 16
41 59
48 173
99 26
98 80
54 195
92 138
144 126
63 105
55 14
149 42
3 98
16 83
80 77
175 11
75 165
89 180
46 12
96 82
20 21
95 21
77 133
70 46
116 126
187 106
156 178
39 111
38 143
105 101
70 97
130 2
116 151
1 104
5 190
57 83
190 109
98 60
140 84
32 119
105 83
167 78
103 25
168 189
193 12
144 186
171 39
43 23
136 42
34 123
7 21
8 196
31 143
136 167
87 80
128 189
105 121
136 23
181 61
166 144
140 45
20 69
159 84
195 171
50 28
102 92
67 144
180 96
33 96
132 113
84 32
190 72
72 132
188 185
129 197
152 86
74 30
127 13
166 127
179 56
131 198
97 77
73 120
50 148
119 89
180 147
118 153
109 181
193 9
181 41
41 29
196 101
31 37
168 21
53 129
173 17
115 35
15 148
59 29
131 193
38 153
52 172
145 195
174 7
21 66
146 34
190 91
3 50
80 181
144 40
191 97
113 143
120 156
52 86
156 123
170 156
68 82
110 46
172 29
30 130
171 70
88 37
43 175
61 149
78 56
81 128
195 25
97 172
62 173
144 104
66 118
118 32
6 36
73 19
130 137
91 69
79 176
102 59
154 10
31 135
90 63
146 44
13 159
51 58
77 35
101 146
92 132
40 43
10 144
162 178
191 116
81 73
138 93
78 178
5 148
122 98
104 146
120 95
152 50
13 161
32 80
3 28
108 132
34 182
107 198
189 197
81 20
51 199
195 76
25 103
105 99
183 54
70 199
163 24
99 13
20 73
97 141
84 53
5 146
156 103
136 186
187 8
160 23
97 35
57 103
20 96
169 132
45 172
76 166
195 171
129 28
88 20
29 147
101 24
59 185
47 163
89 142
39 166
188 118
154 33
64 4
193 101
165 198
69 61
147 112
165 37
140 86
101 49
183 192
117 186
69 64
17 193
78 142
90 109
52 10
115 77
163 37
129 24
179 172
8 47
52 19
2 23
151 20
139 117
132 171
172 171
91 109
124 107
31 70
123 114
141 92
82 154
189 19
175 44
85 17
5 80
2 142
53 174
195 162
147 87
180 103
68 31
100 82
51 3
143 114
135 163
19 53
23 143
61 178
163 35
4 179
78 113
103 133
155 121
123 168
179 144
126 121
47 153
45 189
173 77
97 89
163 131
171 168
15 94
99 101
91 89
141 147
192 122
32 83
42 51
100 159
55 29
5 191
131 144
122 4
133 10
173 25
142 152
195 18
19 150
114 118
49 66
64 189
145 7
35 194
149 96
183 91
186 188
73 88
52 6
155 88
28 124
11 96
184 138
54 132
173 44
92 55
178 130
129 117
166 21
116 171
22 50
141 69
165 181
14 6
131 51
38 29
61 33
104 149
78 129
196 3
23 42
162 63
8 15
36 182
44 40
105 105
197 153
196 195
103 2
71 155
157 168
21 144
57 72
24 46
179 84
157 56
81 69
158 141
135 52
129 30
95 63
188 100
4 78
90 43
16 169
12 24
91 183
24 118
118 132
126 87
112 122
97 62
35 193
186 133
167 38
51 110
37 71
34 114
110 184
131 19
164 107
194 123
36 98
33 181
114 59
186 67
182 132
89 122
152 68
29 14
90 0
8 49
184 10
83 107
19 68
181 51
184 47
139 196
32 187
198 111
77 42
120 183
171 186
154 45
46 64
188 68
106 39
116 180
104 18
108 72
126 76
114 55
164 46
156 169
22 60
53 184
96 32
95 67
166 95
8 199
189 180
165 74
173 41
191 36
149 173
107 136
162 11
17 40
14 46
104 186
166 175
62 56
73 18
149 66
118 40
57 72
33 176
150 140
138 79
132 14
178 155
14 22
22 116
16 153
109 178
139 75
186 30
118 143
81 1
58 104
183 84
4 63
143 146
83 164
197 176
178 41
77 105
168 163
122 194
156 198
174 65
43 198
197 26
72 149
24 58
7 61
188 164
113 28
67 29
66 89
104 79
72 89
20 125
186 57
193 96
92 148
27 94
112 107
184 186
149 35
185 83
156 143
102 42
152 167
111 62
196 97
77 175
191 85
141 70
8 114
119 47
157 186
50 48
169 72
198 114
29 63
67 58
127 147
0 28
122 37
1 189
107 67
5 49
196 136
82 37
76 151
136 151
49 120
189 89
168 15
110 104
155 124
105 101
72 35
80 25
196 144
179 46
171 63
113 145
179 133
19 17
51 119
11 57
3 172
192 138
90 119
188 106
120 125
67 59
14 159
78 19
75 64
169 145
57 66
39 153
174 60
183 157
82 191
81 68
181 50
10 144
199 81
188 102
187 130
82 177
177 181
108 57
49 163
121 19
69 65
136 25
155 125
157 98
116 112
135 47
15 152
196 58
157 174
117 196
76 123
70 136
92 197
196 64
132 191
66 115
26 16
48 145
80 104
155 160
72 26
147 32
58 3
42 49
168 167
165 194
132 16
198 11
162 117
38 89
176 2
64 113
188 130
155 119
71 193
137 81
137 50
133 160
47 63
141 60
47 5
109 137
40 81
34 167
126 177
69 149
144 59
4 155
42 93
149 79
15 159
20 132
58 36
47 142
114 42
10 193
92 171
12 84
98 180
22 47
156 30
164 139
192 164
186 138
189 186
56 0
138 192
136 129
79 127
149 62
33 79
116 162
56 58
74 5
186 95
130 86
6 90
168 89
79 118
124 188
191 43
121 191
31 151
54 65
130 104
114 32
155 9
180 151
46 58
114 130
101 53
194 199
64 97
49 172
1 78
71 68
79 128
36 148
68 26
30 147
116 26
31 92
87 94
110 162
47 196
46 23
88 187
161 161
189 56
180 129
199 182
50 136
146 101
108 0
79 92
27 159
65 176
47 135
48 90
166 172
3 57
81 125
96 173
114 60
195 191
131 62
142 38
128 62
45 155
24 50
111 67
135 64
187 118
140 181
140 128
56 51
142 26
7 171
137 130
106 60
186 95
178 45
16 72
38 134
130 120
33 190
173 24
138 168
184 150
177 27
77 46
79 121
54 178
46 103
88 184
30 20
170 0
170 126
97 180
73 171
156 170
189 95
198 79
25 50
121 130
89 17
169 48
21 170
177 184
110 166
139 114
18 191
15 168
138 101
18 20
41 139
68 33
190 19
107 169
137 71
9 85
103 182
101 86
101 43
105 62
107 180
125 199
35 70
133 31
6 122
136 179
47 170
112 51
76 178
146 2
47 125
121 7
55 53
190 117
91 106
189 197
73 101
157 79
168 42
52 87
2 85
125 86
154 13
104 172
76 184
104 40
130 11
123 180
24 82
24 26
190 140
133 60
60 43
28 164
189 105
72 44
77 174
87 111
142 125
1 155
90 127
154 84
175 144
73 108
19 91
122 88
56 165
11 182
73 177
17 56
90 167
162 11
159 23
60 198
159 25
59 144
45 89
117 103
122 148
52 197
50 131
194 191
89 49
81 91
192 180
193 138
167 125
9 157
99 194
187 48
128 174
170 114
42 126
74 181
16 69
53 13
62 96
56 58
26 42
78 171
188 33
20 7
80 133
60 155
8 50
150 57
121 2
38 174
163 183
94 4
98 6
194 181
136 55
173 56
94 68
48 154
168 29
82 23
72 17
157 98
126 28
27 120
166 166
89 28
67 13
175 159
53 29
143 123
127 154
42 115
57 172
48 185
27 62
178 175
85 96
15 175
176 172
197 116
107 6
118 127
7 161
56 111
135 179
15 149
45 161
26 96
163 44
164 146
25 172
193 14
127 114
157 19
24 101
155 7
142 70
98 96
90 127
137 104
145 99
71 54
35 142
61 160
185 51
140 22
72 159
137 12
7 124
192 121
52 114
198 101
169 81
4 93
127 158
62 49
31 0
33 155
95 93
53 68
116 94
91 101
150 15
99 130
44 105
44 118
20 101
148 143
74 132
53 181
3 80
89 180
97 158
62 131
114 21
66 122
15 37
87 97
120 142
91 18
53 30
140 50
27 103
120 180
149 177
30 136
191 188
21 146
179 40
74 184
9 190
37 109
129 36
132 32
164 51
23 108
42 165
137 74
53 37
162 30
103 49
134 36
60 160
185 139
131 108
63 177
58 114
4 112
152 172
99 171
78 49
43 19
73 36
96 117
163 164
4 115
115 29
88 58
186 11
137 106
11 183
117 57
26 99
119 37
41 77
14 12
80 177
26 0
137 101
186 70
119 3
77 13
76 87
40 84
169 9
145 128
159 180
86 5
104 55
161 65
60 193
189 42
64 32
170 189
100 37
85 12
55 109
183 116
39 4
54 152
175 78
191 144
38 53
2 183
103 65
80 117
19 123
23 128
131 168
37 140
73 23
184 162
52 101
161 105
28 188
175 62
68 176
187 56
193 9
21 157
100 106
178 108
63 26
87 167
10 132
146 33
45 162
87 31
72 70
24 130
162 97
96 136
77 176
184 48
66 72
77 62
99 170
126 14
149 21
99 69
76 156
175 85
185 89
161 146
145 3
8 132
15 108
29 164
113 38
179 170
73 2
110 163
65 24
190 119
147 46
37 24
106 178
198 23
66 76
31 46
51 54
108 189
41 189
26 106
44 195
87 6
142 90
76 146
140 159
149 85
111 86
12 0
47 147
76 141
142 143
124 180
151 50
145 145
7 86
50 0
19 21
144 21
145 193
174 32
23 2
86 155
114 151
181 147
41 144
162 24
198 153
141 166
76 59
127 163
97 198
180 53
47 72
154 66
170 62
52 63
70 110
142 20
39 133
25 68
42 77
29 89
195 49
42 104
47 39
148 24
193 163
149 75
77 110
165 67
81 51
133 1
196 111
176 66
9 110
151 147
150 39
89 89
3 155
154 43
109 23
96 44
101 136
48 192
29 90
183 167
70 191
71 27
168 76
1 121
37 15
70 105
173 16
72 142
124 78
70 169
35 49
184 3
25 102
89 68
113 120
84 172
139 186
120 1
11 146
186 77
156 145
10 118
29 29
8 21
125 35
14 9
182 154
22 6
99 170
156 147
26 34
157 138
152 133
31 187
62 102
126 61
137 126
16 20
7 33
153 4
133 35
32 66
124 21
31 119
9 34
95 57
156 43
17 3
161 138
149 107
164 163
193 74
154 171
181 151
179 19
126 147
90 86
166 136
158 87
47 19
12 101
26 193
120 25
164 179
7 41
103 144
183 61
67 37
57 71
11 32
131 192
193 72
82 101
194 4
31 116
65 28
63 34
47 12
186 1
168 170
139 156
84 152
59 146
40 26
1 199
26 174
145 32
85 155
194 69
9 47
67 188
136 128
100 17
19 76
127 53
170 114
133 88
51 162
142 52
120 131
151 53
159 132
105 198
124 69
21 66
102 59
143 98
79 196
48 2
77 40
161 65
98 151
108 6
116 72
48 46
133 164
66 17
10 49
169 180
112 18
84 160
186 9
108 189
34 4
37 8
170 62
37 162
198 93
2 142
21 46
147 102
107 49
175 72
86 104
122 145
20 159
193 64
112 102
187 46
42 56