200
83 102
177 143
35 69
171 39
58 136
90 194
189 22
141 151
93 85
14 137
27 13
48 147
95 25
33 138
160 86
31 123
36 90
61 87
68 98
37 199
177 159
80 160
90 63
102 166
87 102
76 42
38 137
12 87
32 14
160 133
100 123
121 129
37 178
106 104
187 121
185 187
130 73
72 138
87 83
164 90
174 22
169 157
43 113
148 79
164 79
73 16
13 104
140 185
107 60
175 23
37 44
76 48
98 184
1 85
197 193
137 193
31 196
65 110
170 45
163 131
63 82
138 57
73 97
157 33
93 193
190 96
119 41
9 77
3 24
135 188
175 187
61 10
3 88
125 187
115 92
187 176
23 128
76 146
126 179
181 184
194 85
16 140
59 25
61 21
67 90
4 4
38 32
119 41
177 47
44 55
152 188
173 155
9 168
124 63
26 111
189 93
45 65
185 195
67 66
29 132
10 124
105 65
114 161
79 23
29 13
179 47
94 187
49 179
10 33
91 71
21 191
186 94
14 54
66 137
73 150
82 63
126 133
14 160
100 93
89 194
170 95
101 86
122 101
35 22
155 105
59 187
99 3
25 48
45 43
86 107
163 121
44 34
121 90
106 113
15 68
61 46
154 27
107 62
85 111
24 46
106 197
66 7
97 169
57 32
170 13
100 40
192 24
91 163
21 86
192 132
136 114
147 49
174 151
67 107
114 160
4 178
176 84
7 90
177 97
144 196
148 195
135 44
68 193
2 87
99 36
155 153
42 20
52 84
14 58
62 198
186 84
11 141
133 125
159 114
39 138
125 11
47 104
118 112
77 171
71 8
121 134
32 62
63 79
21 76
22 69
190 87
156 199
43 170
189 20
136 96
168 145
27 82
163 159
15 62
36 88
156 19
148 69
2 131
74 163
65 30
89 145
168 78
162 2
64 161
193 116
20 165
72 160
123 41
65 129
136 18
55 198
24 137
121 80
199 173
49 156
169 36
158 59
135 35
86 173
109 79
90 22
5 114
118 167
72 174
70 188
133 179
23 83
196 76
83 97
141 0
154 107
183 40
171 85
66 148
197 155
33 64
7 84
66 60
41 32
167 98
178 93
49 61
148 86
90 156
88 98
177 97
13 31
70 69
143 90
183 191
123 43
114 158
27 4
70 179
130 115
13 10
176 183
120 12
101 17
135 90
78 89
170 92
188 20
91 126
124 120
79 7
197 0
17 73
111 99
69 21
137 131
95 188
96 39
130 122
155 135
52 82
192 67
108 169
82 119
28 192
83 78
24 157
79 9
153 9
9 62
153 106
52 176
173 139
181 124
132 187
19 56
1 2
195 148
74 68
181 191
74 80
20 174
109 184
112 54
137 188
5 125
38 96
196 3
0 6
165 145
46 164
95 92
28 29
136 84
186 117
91 113
185 153
195 175
24 89
161 158
196 135
7 77
57 191
109 47
74 40
145 17
29 181
64 132
74 146
153 71
42 47
194 153
97 69
180 7
193 55
130 93
63 147
31 141
42 160
79 182
6 188
180 8
189 99
41 65
106 192
11 94
158 154
125 69
140 69
139 94
11 5
83 5
157 51
101 162
72 26
55 43
112 69
85 54
15 91
117 15
107 60
160 193
197 28
198 72
112 182
23 157
83 152
132 74
138 99
65 75
69 145
35 88
136 90
130 65
153 128
90 175
129 165
183 61
145 27
198 9
120 46
64 118
26 82
96 84
37 138
120 153
166 17
75 189
86 84
22 86
195 121
30 7
156 55
83 41
96 93
61 94
2 187
129 42
131 37
94 8
110 25
35 55
16 122
140 159
118 96
52 107
12 40
15 43
22 124
154 186
179 58
119 74
11 31
59 9
63 8
110 34
132 39
24 20
162 44
142 53
167 97
161 147
108 25
105 118
13 74
132 111
180 21
113 77
83 33
62 80
49 49
58 100
192 90
6 55
114 118
61 142
109 163
170 150
53 112
35 159
11 46
191 93
123 92
32 77
110 102
100 68
127 6
103 164
188 184
84 105
26 8
82 43
138 137
105 176
165 157
63 162
28 164
28 132
99 150
156 155
80 17
17 164
104 131
22 25
68 83
38 181
152 164
50 129
40 133
21 130
83 1
98 37
12 4
137 150
181 106
168 104
45 103
74 74
128 19
170 166
90 7
66 0
64 60
192 20
63 128
135 100
124 159
80 128
80 88
97 12
123 180
150 147
85 13
131 174
189 95
155 56
133 6
71 56
155 121
108 113
157 54
112 180
4 70
162 82
184 21
34 52
40 98
141 12
187 75
78 16
169 186
70 47
191 33
9 36
21 14
129 64
38 57
106 53
54 84
170 93
89 162
160 97
7 85
64 58
110 56
36 26
150 188
55 11
162 106
136 51
77 30
142 144
14 60
15 112
76 39
111 7
174 112
178 13
31 91
167 124
125 67
37 101
169 122
0 82
175 95
56 138
101 185
113 73
190 18
134 185
188 29
198 115
110 97
42 113
0 132
148 196
152 122
129 115
177 9
94 175
112 189
85 185
148 121
2 129
131 132
105 4
171 111
58 31
99 44
180 103
7 107
125 193
133 149
195 54
119 153
30 68
87 161
112 104
128 87
70 39
91 67
119 86
177 90
129 139
196 83
171 141
147 162
2 43
18 49
52 24
29 95
60 136
74 170
99 83
18 60
61 77
161 64
177 121
121 148
67 122
11 116
20 162
2 15
118 33
64 180
125 95
34 41
14 145
176 104
76 22
113 196
25 147
114 164
2 147
50 199
7 83
110 70
36 25
179 186
62 199
167 118
121 156
53 41
36 85
9 28
102 147
86 11
97 53
92 80
52 129
157 71
173 128
151 199
127 188
47 31
104 89
128 146
1 167
39 45
30 190
158 174
72 65
98 155
85 145
15 177
146 53
79 183
162 188
164 58
95 116
32 189
97 189
41 17
20 123
27 22
190 36
40 3
92 181
60 196
105 96
76 144
7 114
123 96
15 5
57 63
171 145
120 83
2 1
180 104
4 149
175 137
143 116
81 108
16 160
134 147
163 67
55 7
197 151
192 191
0 4
110 197
29 44
133 14
62 76
76 169
141 112
32 111
71 136
73 36
45 29
50 1
172 98
104 122
19 53
89 13
76 56
134 58
37 197
47 60
162 0
155 152
40 54
81 77
140 92
115 176
96 14
0 147
89 86
176 104
159 48
62 122
75 24
52 124
98 34
16 162
90 191
190 150
58 58
187 69
140 113
103 68
53 64
25 44
159 10
61 7
9 28
178 17
101 169
28 66
66 169
120 10
60 144
143 73
119 86
160 106
163 131
90 156
188 106
63 176
65 125
17 170
48 157
1 168
160 122
187 34
105 133
147 8
172 133
178 177
149 40
150 139
22 147
167 173
148 157
38 158
98 24
31 129
22 178
199 139
142 177
193 15
188 142
13 48
146 144
80 82
145 24
16 6
162 193
145 21
20 31
95 185
131 23
64 189
137 140
171 89
148 180
7 167
21 2
25 189
71 162
87 196
79 98
110 95
34 100
179 135
27 12
21 38
109 100
99 161
192 8
40 50
195 0
161 113
49 83
111 54
163 163
160 91
22 186
187 156
10 29
176 132
195 81
47 99
125 142
199 84
58 54
170 34
67 133
177 41
86 46
131 153
1 168
105 132
188 19
65 90
104 65
137 66
54 76
96 179
7 94
104 79
123 31
139 53
40 25
139 172
86 81
192 87
62 55
156 125
101 135
22 21
90 87
94 53
4 5
78 91
162 14
170 43
38 128
101 45
131 154
141 162
143 162
171 103
183 68
197 133
199 103
185 74
153 93
50 16
111 116
113 45
17 107
109 196
43 58
94 34
199 143
158 91
12 27
137 199
56 73
93 92
12 145
139 86
105 177
20 125
184 186
96 112
23 35
51 190
1 185
84 158
26 16
124 156
38 61
149 76
191 173
102 11
119 71
160 104
165 165
143 66
143 57
52 186
149 167
142 185
98 90
53 181
165 163
162 155
80 157
66 169
18 33
104 92
146 184
127 5
8 31
88 113
48 145
57 128
105 74
189 74
165 146
70 127
88 110
92 129
127 59
73 124
17 85
32 117
8 46
146 50
62 179
19 24
50 22
129 91
112 181
167 83
80 145
8 141
155 179
78 139
160 167
83 82
199 39
194 34
145 71
40 178
180 196
122 112
152 150
158 20
94 154
45 121
20 120
100 114
25 49
187 82
119 5
7 49
183 155
77 82
176 145
167 39
48 81
122 165
142 176
165 61
131 23
147 43
197 143
74 66
138 187
77 114
39 137
23 164
69 26
142 131
20 28
141 52
183 83
75 81
163 145
137 90
177 142
43 15
128 79
21 66
78 177
121 49
135 199
134 87
22 165
170 101
17 149
116 175
189 173
88 36
165 137
31 58
12 66
150 85
19 8
160 150
124 119
23 3
157 89
145 124
82 21
175 172
18 9
79 96
122 104
86 194
119 150
123 14
80 126
87 46
40 25
75 122
187 48
189 36
51 168
76 127
114 81
169 125
105 117
109 191
72 102
79 28
89 77
165 82
115 103
90 81
87 146
5 184
147 14
199 2
163 195
126 22
133 59
69 64
123 140
128 59
120 160
137 44
138 80
113 27
74 80
196 172
44 88
108 192
14 179
82 95
116 46
45 136
128 162
154 65
187 104
177 14
165 5
49 23
29 2
141 105
169 91
175 26
1 85
108 171
148 42
30 50
194 125
19 89
102 109
33 81
151 147
9 175
105 88
67 124
160 117
139 161
111 61
171 46
135 8
131 85
7 131
46 182
35 105
11 10
146 62
45 53
92 64
86 163
9 48
100 105
172 144
24 154
76 183
185 86
84 8
85 158
192 186
12 28
197 179
81 27
62 141
173 81
83 113
60 188
5 94
116 119
75 29
170 129
155 172
178 19
182 192
46 76
130 77
21 17
136 167
160 132
31 168
132 165
21 5
98 43
3 65
27 77
58 198
50 124
66 18
51 152
52 116
172 52
92 33
10 31
152 18
183 96
90 112
104 28
148 94
152 46
195 99
97 189
182 18
86 111
50 199
82 136
34 89
189 163
15 182
9 174
172 12
0 149
187 129
140 81
133 186
164 86
191 55
178 180
103 103
184 31
49 116
87 142
18 159
173 115
34 41
177 62
6 113
154 180
186 157
4 141
48 42
96 32
127 46
32 37
186 2
59 70
135 137
105 183
155 16
22 160
80 40
195 96
54 144
117 69
18 136
35 190
153 187
191 165
63 91
67 101
194 116
196 88
17 72
165 4
186 5
18 109
102 192
162 90
85 12
6 111
120 97
157 184
63 68
69 76
137 31
121 58
141 138
183 13
8 41
102 31
3 61
88 107
171 51
43 123
128 144
15 51
20 60
138 158
79 135
151 108
81 86
14 5
196 174
152 104
57 34
154 193
188 125
74 87
20 64
191 17
151 46
197 70
174 47
23 180
48 136
30 151
83 17
117 48
156 191
93 189
92 37
162 143
60 110
150 186
80 12
155 41
86 129
11 168
192 197
82 145
164 119
76 30
193 143
165 110
23 93
12 123
35 13
89 33
94 83
156 195
33 176
83 26
18 21
107 100
127 113
107 29
118 24
2 175
55 17
2 99
17 160
91 11
31 11
171 21
137 100
151 125
84 92
69 129
94 44
175 87
182 194
79 59
103 62
54 75
89 148
131 81
170 110
31 154
84 192
115 21
188 101
146 115
0 89
131 193
185 133
162 71
67 114
8 86
38 151
98 144
121 158
159 59
89 7
13 35
55 31
16 50
79 12
97 26
24 174
110 94
141 152
181 46
155 64
154 142
147 86
193 189
129 120
50 55
195 140
43 59
168 75
17 26
114 90
1 131
111 17
66 162
81 64
24 59
173 186
191 99
60 108
167 143
127 55
64 102
114 61
91 150
126 23
2 100
55 24
164 98
3 176
108 90
97 122
121 47
125 199
132 58
110 132
169 54
4 190
110 110
11 44
32 74
156 40
130 129
11 194
197 104
40 72
53 172
182 41
154 191
104 13
152 17
44 31
164 33
83 39
170 8
57 1
67 128
147 152
111 71
102 80
143 184
119 128
126 23
81 128
188 177
125 62
135 123
40 165
66 56
149 111
173 184
145 177
114 144
102 98
186 82
70 192
41 111
89 50
28 157
139 166
190 182
10 35
123 57
67 117
41 136
110 108
122 162
96 21
184 10
133 33
176 90
137 18
66 96
68 50
10 155
6 115
112 21
17 31
105 136
169 38
0 161
0 199
156 165
3 161
71 39
60 112
66 38
115 33
17 118
60 44
4 45
98 68
38 86
32 136
179 85
160 35
9 134
10 176
160 24
41 79
161 198
196 106
172 71
131 157
76 111
38 131
17 151
63 90
1 181
21 161
112 90
16 173
84 62
158 191
173 145
166 187
179 97
118 7
107 13
22 193
36 20
119 59
29 17
91 99
183 74
37 59
185 161
70 165
80 93
56 137
1 197
84 40
152 167
5 31
126 125
39 107
163 166
132 97
62 38
28 62
118 27
85 82
27 19
182 61
169 191
70 195
193 160
177 125
110 12
140 92
68 27
73 141
192 80
102 139
66 43
100 32
5 19
13 112
120 36
98 92
126 135
48 148
126 33
36 95
52 192
29 189
106 51
17 199
72 155
194 21
169 174
67 138
134 82
9 40
96 126
38 83
10 37
139 56
22 0
113 59
188 57
149 12
86 136
91 184
81 66
22 153
169 173
20 81
162 156
136 102
17 123
138 123
142 129
172 2
2 185
27 196
8 73
46 36
140 104
69 101
196 159
28 2
149 166
23 2
66 43
23 39
181 70
110 121
85 64
158 33
114 121
41 128
67 39
133 188
180 1
4 173
69 31
173 118
188 116
52 5
134 44
136 23
142 102
66 54
20 68
117 172
190 55
31 153
196 187
176 67
107 79
100 131
196 32
99 148
118 132
135 94
60 163
121 32
123 127
114 132
60 138
116 179
189 3
127 58
193 74
54 76
51 180
34 159
1 105
36 25
68 187
67 132
174 135
87 135
123 7
132 146
110 57
159 123
165 138
12 79
70 108
75 94
152 37
128 90
48 79
160 128
103 143
155 97
189 2
66 12
9 116
129 41
143 101
3 11
116 78
104 175
57 112
61 166
16 41
40 125
191 114
134 35
48 110
103 150
157 164
6 22
32 88
111 145
84 189
58 199
8 8
112 93
62 190
2 161
77 34
172 2
129 14
29 113
118 190
188 13
99 116
120 40
12 132
114 189
180 101
16 169
170 16
161 146
173 182
145 112
40 18
48 196
56 159
127 55
41 37
86 17
150 12
49 157
131 139
141 83
171 170
158 117
144 173
126 78
151 125
92 143
121 162
59 178
14 56
90 32
124 103
111 57
133 134
120 196
17 53
126 41
2 5
114 38
171 96
5 43
60 169
167 99
147 149
166 168
54 171
170 199
138 113
102 92
85 31
170 83
111 94
49 136
155 24
138 53
170 165
85 174
199 69
65 29
53 77
127 199
63 60
36 63
38 37
123 198
192 175
156 187
90 181
59 76
182 171
38 2
52 55
180 53
128 65
96 133
31 147
94 4
135 61
24 3
1 41
38 68
149 177
55 59
133 168
26 73
191 56
163 160
136 50
44 176
163 182
174 25
46 69
2 3
19 180
1 79
134 43
143 194
198 111
46 115
71 19
64 77
61 21
164 16
130 105
106 24
183 79
7 130
174 44
197 188
23 56
6 185
160 167
14 77
103 119
36 47
133 62
125 10
157 190
144 104
138 74
166 134
84 51
63 13
49 174
7 120
33 145
79 53
126 70
33 89
19 181
111 168
88 53
9 150
13 71
8 119
35 154
114 170
55 129
146 9
79 74
199 177
64 184
20 124
52 70
159 194
40 195
90 171
183 109
68 160
195 146
112 100
72 193
29 167
195 66
119 46
111 104
174 187
71 191
74 87
26 24
125 118
101 23
96 41
19 165
20 65
76 84
12 83
142 42
84 4
35 134
133 36
182 180
167 121
123 60
33 157
70 88
166 76
36 126
70 130
44 189
174 56
14 89
145 136
37 194
175 167
75 3
10 37
199 177
1 66
107 41
18 68
116 67
141 135
71 50
13 189
15 85
7 90
138 190
181 183
152 56
71 76
39 142
52 168
9 19
120 143
93 118
188 87
50 182
115 128
148 94
154 135
35 70
115 128
53 97
51 137
41 67
63 91
138 45
80 30
108 142
168 181
97 21
80 100
74 127
93 6
168 25
185 78
117 45
166 92
138 65
163 21
155 18
190 10
181 180
35 68
132 142
150 73
199 63
176 78
163 21
146 6
145 14
61 181
145 70
49 175
22 44
79 18
8 197
89 161
91 100
97 168
118 198
159 152
69 170
114 199
103 72
37 100
87 172
36 186
145 118
100 75
35 161
164 166
153 193
68 128
185 148
191 55
195 42
135 136
35 107
103 76
121 52
97 23
100 160
30 138
38 184
170 131
154 49
14 164
140 119
18 51
145 143
135 177
123 185
188 94
42 185
144 111
162 107
147 181
40 108
183 50
20 188
134 0
51 110
195 27
197 117
13 83
155 57
102 70
193 99
158 66
127 83
56 175
130 25
191 64
109 160
14 135
96 188
113 153
25 22
191 56
163 142
162 66
133 116
197 109
107 76
41 88
51 113
166 106
189 85
170 110
43 158
3 173
32 140
17 180
21 97
89 98
40 87
188 152
157 9
123 164
18 104
142 106
118 124
169 23
129 133
17 3
17 141
10 34
169 180
35 129
178 167
92 167
12 14
36 15
190 84
177 174
145 57
7 131
84 120
105 84
152 75
12 59
33 78
164 104
158 4
153 132
162 91
155 137
148 52
147 59
83 104
27 40
8 37
99 173
99 69
181 170
57 87
90 129
159 198
57 74
5 80
16 78
92 161
159 85
192 83
176 198
10 32
150 190
171 94
191 164
119 122
115 37
2 16
15 146
73 170
35 153
147 158
33 75
37 114
102 194
195 113
37 25
75 19
28 98
139 102
107 51
162 64
131 151
189 128
36 120
179 0
198 139
43 77
101 135
25 136
2 141
56 190
138 102
119 139
153 4
122 4
91 141
29 197
194 49
137 16
142 192
193 7
21 109
94 72
100 188
157 40
13 115
5 175
183 7
65 29
116 199
38 26
8 107
26 157
147 34
157 160
151 9
115 43
13 184
192 177
93 184
68 55
23 154
14 39
4 20
95 51
23 58
154 131
74 30
118 30
110 177
17 165
8 59
124 138
41 54
37 83
8 131
117 136
101 93
188 115
68 49
161 128
92 104
62 6
46 151
71 113
73 16
149 180
39 60
83 43
151 100
170 84
62 21
78 103
107 23
50 4
108 192
176 132
152 24
14 117
183 82
133 169
181 182
10 134
165 166
88 189
100 22
188 5
167 152
31 33
61 179
0 136
82 40
106 186
155 8
193 66
172 118
159 44
35 134
98 180
45 58
42 101
32 11
89 42
43 61
98 190
25 45
11 141
30 116
84 47
59 50
174 36
96 29
107 59
102 23
67 56
45 136
89 146
143 32
48 13
79 19
131 190
138 150
16 50
114 85
174 82
132 185
198 166
93 34
139 183
1 173
128 154
0 121
68 160
91 115
54 8
135 23
64 133
181 72
126 98
167 15
15 5
104 118
146 140
53 95
41 77
155 68
144 8
131 81
166 135
32 25
147 59
167 65
168 94
153 59
59 86
64 17
156 162
45 136
5 172
109 96
5 101
7 101
45 132
179 133
95 85
17 128
29 98
137 109
46 139
88 154
0 26
139 134
51 18
23 65
159 166
130 59
195 96
125 26
67 75
135 87
70 143
106 188
28 139
89 189
67 131
103 129
87 113
189 31
160 73
141 102
163 0
107 106
188 160
173 45
181 53
55 148
177 143
125 191
30 44
6 90
167 111
182 164
181 32
123 32
68 174
58 142
154 193
143 50
99 54
37 35
64 132
34 54
48 66
118 54
184 143
188 84
151 128
15 158
103 61
96 73
77 46
143 91
168 157
106 102
83 151
35 141
97 156
155 53
141 128
68 132
74 162
116 55
178 111
68 2
191 132
156 17
119 5
174 95
147 47
55 55
131 105
6 143
3 100
18 43
189 122
193 34
24 35
11 175
55 110
106 178
115 113
22 93
12 150
43 112
71 71
6 150
6 134
174 79
147 169
97 189
79 171
110 152
134 12
153 49
124 178
97 152
86 182
68 173
183 30
51 155
56 78
189 14
127 47
175 156
178 115
186 90
18 174
17 181
74 160
198 135
9 75
57 3
18 24
136 79
120 52
13 1
6 93
153 46
0 96
45 6
73 170
167 158
193 90
62 140
167 28
112 82
32 65
24 61
104 175
99 143
91 68
117 152
189 109
134 50
135 35
185 99
177 34
59 121
199 143
100 173
33 161
162 45
54 23
6 55
155 160
196 98
82 190
7 64
19 141
174 145
169 186
22 133
194 73
2 117
187 95
22 196
68 4
100 7
34 124
9 108
81 185
50 172
193 66
128 120
19 170
39 50
84 87
154 108
119 129
8 62
187 182
137 114
191 118
156 178
178 38
68 129
67 57
62 194
96 183
98 86
140 71
59 54
151 167
38 138
151 168
11 22
179 85
119 29
181 109
3 169
191 137
173 42
39 82
163 193
183 101
145 24
22 77
109 167
56 95
104 37
156 94
102 163
135 10
181 51
194 195
33 26
48 44
50 168
117 33
24 88
179 21
58 106
101 5
69 192
40 22
133 57
43 32
130 122
177 61
44 40
137 90
175 189
167 91
48 61
180 100
165 41
197 40
62 24
159 1
26 121
124 116
68 126
123 64
162 75
93 40
62 170
153 157
47 122
100 11
159 82
98 120
147 50
10 85
151 71
57 125
191 77
82 169
70 147
74 153
130 82
121 157
93 23
0 13
187 3
4 110
29 126
86 4
163 122
64 55
117 15
126 104
135 141
4 88
136 60
145 120
44 199
40 114
50 150
167 64
197 176
4 135
5 114
40 32
125 17
105 7
182 192
44 4
42 190
75 104
198 13
176 26
120 53
94 22
180 25
178 136
102 58
133 168
92 79
157 97
177 86
168 103
23 162
92 185
126 93
5 50
27 90
134 59
57 176
51 63
33 172
115 20
76 48
41 165
195 6
59 166
189 97
66 73
83 38
158 139
170 181
100 52
127 70
70 110
129 158
81 101
139 128
151 172
15 20
114 54
17 38
142 78
144 1
171 174
183 63
172 0
150 115
124 18
85 16
46 8
95 146
33 82
30 40
93 113
112 30
100 88
52 190
39 27
145 164
27 144
62 30
111 123
170 34
167 199
91 172
100 157
181 75
188 123
172 111
193 12
75 192
165 179
124 86
47 183
10 145
33 62
112 115
143 27
37 94
122 152
106 11
133 187
118 102
84 151
153 59
126 90
13 75
0 28
37 123
143 199
34 63
87 178
153 162
130 104
88 160
38 10
175 92
141 45
35 103
164 173
44 54
129 136
87 129
113 106
21 195
77 92
165 46
159 131
127 101
159 84
124 107
173 60
166 85
25 4
33 53
102 113
95 102
197 56
133 97
24 128
192 185
109 68
123 41
84 193
103 82
63 40
155 23
129 101
54 58
159 140
36 162
118 3
19 90
30 53
11 195
55 148
39 188
80 55
138 196
198 7
70 53
155 157
188 97
115 54
114 127
49 124
138 199
179 93
19 16
58 81
73 163
66 105
25 72
156 38
107 136
101 132
159 115
172 57
184 100
193 169
51 169
32 195
185 37
43 22
78 111
142 35
47 124
154 88
152 173
59 166
117 0
28 128
43 190
117 73
144 18
23 101
155 18
156 19
132 112
53 45
140 96
130 22
166 132
153 6
92 97
5 144
137 108
41 113
73 146
192 176
64 9
129 18
184 62
33 41
60 77
54 158
187 161
25 31
139 115
53 121
54 158
87 6
114 87
183 44
25 94
31 25
117 189
156 163
19 4
82 73
59 57
175 9
51 86
176 116
40 13
185 63
22 125
16 35
88 193
162 82
100 117
123 96
65 178
172 166
89 119
127 154
90 133
155 76
96 92
64 12
130 83
182 28
1 36
189 12
89 170
63 25
150 4
119 56
39 89
136 172
131 37
184 82
156 31
163 44
89 91
26 1
102 199
137 84
73 82
31 24
0 160
69 96
185 97
7 199
74 168
63 166
15 87
191 174
162 99
47 169
27 107
47 136
55 195
140 131
134 115
52 101
46 160
136 41
190 189
128 66
89 128
4 123
55 151
58 39
85 186
44 64
136 64
82 198
67 179
187 116
162 177
129 110
193 115
133 53
51 120
156 7
190 81
54 168
70 63
198 183
100 52
59 9
100 69
1 2
135 153
88 47
72 89
69 130
98 72
123 0
22 68
139 91
154 138
155 132
76 155
85 98
34 173
180 127
24 20
86 18
51 177
78 49
176 102
101 133
186 74
132 121
179 50
140 75
9 13
77 152
91 9
37 124
162 129
125 88
197 44
176 138
27 110
144 144
104 145
100 38
79 147
114 75
94 2
96 154
154 151
69 106
34 100
153 63
8 123
99 26
160 195
35 69
41 123
19 171
111 187
171 176
91 146
75 178
38 127
92 116
25 181
139 30
69 26
148 23
107 130
51 187
193 80
40 165
107 84
186 119
156 161
148 181
85 72
175 50
185 31
49 35
60 39
194 73
7 122
95 98
12 25
10 87
120 115
188 30
82 179
95 2
164 94
74 93
151 43
70 100
11 186
111 71
77 157
93 52
54 1
153 159
79 105
31 183
104 11
144 71
124 26
184 114
89 194
30 40
35 142
63 22
176 176
178 41
184 135
46 145
153 21
80 149
131 98
45 174
130 136
57 174
73 95
47 33
93 179
31 67
46 62
21 124
148 165
137 134
161 138
160 165
11 16
67 43
197 135
137 157
111 100
135 133
89 182
167 100
38 162
158 129
61 129
167 65
25 105
180 175
85 116
76 167
84 16
88 55
199 197
128 129
68 58
67 49
169 43
100 181
178 50
139 172
152 87
87 158
178 14
129 109
88 41
12 161
109 138
60 1
100 24
67 144
35 59
81 186
77 97
89 32
32 156
87 142
68 174
148 175
82 89
16 38
54 46
139 164
66 74
184 154
11 187
113 114
108 19
15 147
93 128
0 198
169 100
150 139
154 95
73 155
129 76
91 30
57 25
168 66
76 43
90 2
136 120
33 121
89 127
152 151
66 130
23 37
73 80
107 86
187 58
20 173
46 34
86 176
147 138
31 118
9 135
50 13
195 42
193 69
118 82
92 122
170 198
19 175
154 77
130 191
92 83
37 96
22 117
34 135
13 95
183 111
55 166
168 27
21 18
57 139
163 80
191 147
31 27
119 38
23 13
131 116
20 86
37 103
179 8
138 120
199 61
5 124
83 110
147 155
44 4
77 196
103 147
133 169
137 187
111 28
44 0
50 101
117 65
140 152
82 161
188 35
75 22
150 167
179 174
46 181
6 12
198 81
21 198
22 50
112 10
68 104
124 31
147 161
147 88
43 149
171 9
66 12
155 10
181 170
140 120
58 148
64 22
196 106
150 17
0 74
149 59
137 137
92 141
181 7
38 100
82 0
143 130
93 86
55 189
24 173
9 36
64 95
106 64
134 12
126 186
133 197
189 140
74 121
176 7
158 194
11 199
134 107
97 183
66 150
160 89
5 19
57 60
155 100
66 76
122 160
51 186
55 132
8 130
42 143
109 91
114 27
181 18
62 39
113 117
165 101
149 28
143 120
57 45
149 155
13 84
102 190
173 136
83 141
34 135
105 148
68 189
117 191
118 121
65 68
135 138
61 34
189 35
7 108
5 188
41 85
104 96
126 108
72 23
43 64
140 173
108 94
135 115
94 119
112 148
174 116
107 146
48 136
30 192
105 60
199 27
187 46
63 193
144 109
59 18
68 186
136 8
80 151
125 180
160 100
110 49
11 167
132 119
9 89
178 25
56 154
82 120
28 37
144 57
41 72
127 25
24 144
6 147
186 21
41 88
18 47
94 17
15 74
31 24
63 103
166 166
31 194
165 133
108 15
17 112
26 107
134 6
33 16
162 143
8 53
21 131
77 65
61 172
58 161
161 113
87 32
92 70
113 183
189 90
4 41
145 196
174 151
120 186
106 16
6 127
108 131
186 45
177 100
52 117
101 6
66 135
26 41
132 199
164 164
13 113
103 98
195 17
168 119
155 60
37 3
159 54
16 162
42 157
28 132
160 170
66 100
107 160
99 172
15 116
197 46
188 62
31 158
49 155
173 174
126 190
24 23
37 68
43 143
7 192
168 71
79 14
49 156
175 192
177 179
176 166
156 192
103 58
156 111
79 64
8 181
170 49
7 92
57 146
39 91
61 119
109 191
186 139
186 26
195 149
191 10
109 4
83 131
68 76
58 143
64 1
112 111
138 71
158 106
41 59
93 16
169 198
19 197
13 46
48 80
196 97
65 192
111 105
88 108
32 179
122 8
148 182
27 2
141 142
161 12
106 26
18 120
91 134
135 32
40 27
66 173
110 90
32 84
22 57
95 96
199 81
43 31
112 10
175 87
104 136
145 85
1 95
92 15
111 74
76 93
20 119
97 126
103 60
146 156
10 188
173 49
86 134
95 117
57 10
174 46
78 120
70 187
34 197
128 31
101 61
138 181
46 131
113 61
27 92
20 12
65 5
42 25
154 154
188 109
181 183
94 65
18 103
133 171
105 117
6 107
17 58
71 125
96 63
150 3
120 56
195 92
109 17
102 173
103 84
47 169
65 83
198 16
53 4
133 153
180 24
128 48
128 48
155 176
14 196
17 122
117 168
140 163
176 192
152 119
69 77
172 140
32 85
38 141
83 147
40 142
120 44
0 15
103 116
92 193
41 137
123 130
176 162
118 10
158 149
90 191
15 76
31 117
104 14
64 188
142 106
179 104
91 78
9 127
38 54
78 42
199 192
112 83
112 98
116 171
71 124
172 131
177 54
67 91
26 134
86 153
112 106
89 83
65 8
198 114
144 49
92 121
12 52
92 133
58 37
30 11
170 149
13 63
159 146
174 172
90 160
22 7
136 148
131 4
49 114
139 20
85 198
191 56
100 12
33 128
179 147
173 105
167 12
114 36
83 40
120 178
146 110
172 82
162 87
83 109
150 194
54 130
66 162
184 51
6 132
145 3
114 5
198 69
180 114
107 73
157 27
67 147
61 86
169 136
72 159
179 21
113 26
69 11
19 41
170 146
146 79
121 118
49 97
177 127
83 111
187 189
111 9
82 106
165 110
197 50
118 76
31 86
183 176
126 110
77 54
108 144
14 29
91 55
37 152
150 119
6 1
84 111
80 2
14 113
160 38
145 99
72 61
134 129
35 30
10 59
41 71
67 176
159 189
2 48
40 19
184 37
28 63
144 51
36 60
1 78
195 168
35 165
18 94
77 74
195 186
153 127
64 109
113 33
141 9
86 63
181 49
48 23
190 153
30 28
139 67
96 82
170 154
146 33
53 141
94 32
33 8
107 70
23 114
105 79
21 78
161 28
1 136
174 31
87 142
60 137
16 131
98 187
166 15
133 90
162 174
88 19
33 154
25 111
112 195
121 72
16 73
97 17
53 82
166 21
177 168
185 151
24 185
27 53
52 28
112 190
57 9
150 24
168 132
44 196
70 130
143 182
185 157
9 168
190 30
82 141
125 119
186 181
45 130
147 150
172 163
171 193
24 93
146 133
6 171
50 112
24 60
110 188
122 103
18 199
133 199
54 61
119 22
77 199
51 196
135 175
142 29
118 166
45 19
38 183
99 10
2 111
35 49
23 180
150 132
61 80
12 156
37 192
148 177
82 83
15 16
134 143
117 82
86 167
175 168
124 160
1 99
36 78
112 18
82 159
44 127
173 46
119 147
33 99
91 82
175 60
6 97
60 58
77 13
130 138
129 173
97 128
40 163
63 153
24 58
54 149
64 139
56 166
80 55
69 35
99 18
94 54
128 63
87 188
88 10
185 86
24 122
162 11
89 16
169 180
25 191
161 83
116 62
77 90
94 125
166 1
13 80
68 5
162 54
35 0
16 110
155 179
76 125
3 84
110 27
5 198
183 135
48 155
186 23
179 110
144 3
107 4
129 153
141 156
11 20
131 182
87 12
199 160
51 52
127 42
70 147
124 179
28 10
9 0
76 36
64 181
143 169
29 20
153 61
117 189
110 53
56 57
155 176
137 39
198 50
182 18
4 148
57 86
130 47
4 165
160 92
196 128
180 105
180 25
114 2
46 19
121 4
164 129
88 85
1 76
152 144
33 194
89 162
19 163
75 71
135 96
120 0
83 58
81 71
114 42
87 76
22 80
53 44
179 122
88 161
3 148
37 41
79 50
8 171
88 152
143 120
65 99
154 53
33 192
0 11
42 48
187 116
1 119
75 9
132 78
147 181
157 61
28 124
59 171
171 146
105 135
100 21
40 193
107 58
63 94
181 33
168 51
2 6
158 42
112 184
193 149
182 95
77 95
69 61
33 165
165 8
180 163
92 132
50 62
194 151
43 170
37 24
49 134
194 157
115 57
10 3
22 175
59 33
155 23
1 104
199 165
84 155
90 52
163 91
142 35
162 188
97 3
112 75
105 192
174 154
149 173
184 46
159 118
13 106
170 130
195 74
10 45
179 55
184 187
192 145
132 27
17 84
61 70
25 127
59 66
88 154
25 136
140 144
12 160
175 185
33 180
164 58
20 85
39 60
120 44
42 81
112 190
70 28
74 4
162 102
112 79
129 12
73 14
142 130
13 97
33 107
147 92
98 94
118 59
59 59
134 70
55 176
71 193
14 78
159 32
166 180
153 102
84 125
94 183
107 73
37 180
162 150
165 62
197 21
74 79
60 41
52 120
174 157
166 19
75 7
134 138
195 15
147 9
74 100
55 115
24 25
109 116
58 142
79 96
192 93
144 18
47 20
112 39
58 17
88 144
112 14
106 35
21 136
73 50
128 33
169 190
23 51
150 102
100 184
154 82
146 25
80 66
2 72
82 158
179 188
154 120
71 96
144 148
110 129
43 86
125 87
190 179
89 77
60 124
42 57
140 37
18 175
173 198
108 42
195 13
111 70
73 84
193 97
21 2
157 66
97 30
43 67
136 17
26 129
187 136
125 36
168 161
33 15
43 58
177 14
126 190
167 127
146 190
123 88
24 183
25 56
136 79
145 36
181 53
189 167
36 72
54 88
17 79
116 98
161 35
126 25
159 84
47 19
160 38
149 38
154 146
176 110
99 45
74 192
177 71
194 24
94 43
122 77
147 152
113 149
89 142
52 65
1 72
72 6
95 23
79 39
155 98
98 107
31 13
62 113
119 4
104 184
79 137
14 63
184 190
60 194
60 85
101 10
25 99
26 36
129 94
14 33
154 119
173 122
128 194
116 59
176 106
190 172
112 76
34 197
186 181
91 156
16 180
34 80
137 68
180 149
6 162
140 24
146 98
11 165
128 29
58 170
62 96
61 6
188 167
30 117
9 105
179 46
78 48
130 171
58 134
27 190
197 115
60 158
17 127
154 186
8 115
153 191
32 192
177 130
102 92
88 147
94 58
155 24
122 183
171 169
165 83
100 64
154 185
179 16
40 75
60 66
19 109
12 169
30 129
118 195
181 198
69 62
43 50
32 176
113 190
15 15
93 23
151 98
196 19
100 29
136 167
165 35
96 46
155 7
70 7
125 163
97 152
20 174
186 125
155 197
118 96
154 73
126 71
78 168
84 169
171 110
50 184
177 121
178 126
182 85
150 24
136 113
40 80
25 86
161 80
52 31
15 32
152 4
120 49
11 67
199 79
170 63
131 197
148 127
100 197
74 151
3 3
104 181
108 125
78 198
74 196
191 174
0 139
165 31
84 23
111 23
153 126
96 9
150 89
13 99
55 96
73 0
38 117
49 13
59 123
156 41
46 141
109 105
126 182
95 88
153 31
183 21
32 156
60 76
137 155
115 161
165 148
23 12
187 100
81 159
9 155
120 46
17 21
107 77
21 177
12 144
142 114
39 88
151 76
189 16
79 163
10 152
129 49
143 120
7 23
181 158
165 131
140 31
134 22
174 11
102 112
21 36
157 183
57 131
67 38
118 0
63 155
29 99
50 47
14 51
60 124
148 7
84 70
161 184
105 6
128 14
36 115
163 133
12 132
78 196
127 67
133 117
175 16
101 138
118 32
168 170
196 58
31 47
175 145
173 36
80 6
126 97
105 96
27 119
11 141
140 64
5 106
146 16
22 140
103 66
90 68
185 133
104 131
151 160
147 27
168 145
50 93
149 46
106 195
75 59
26 102
98 116
44 99
60 46
164 125
137 37
7 133
158 35
80 101
143 192
15 168
23 48
18 28
101 116
55 121
19 98
156 188
89 176
102 42
6 68
141 196
17 167
54 83
188 151
150 56
135 76
64 156
48 157
166 113
41 49
112 36
36 34
67 149
2 168
96 168
71 61
62 166
30 158
148 113
173 103
125 127
85 121
152 76
110 109
44 136
110 89
101 17
87 174
169 57
104 89
104 2
178 130
96 5
85 45
169 173
154 181
156 177
130 179
149 44
51 197
51 15
60 51
71 9
156 21
116 169
76 180
35 185
197 95
41 199
91 45
85 32
138 178
9 70
175 19
7 2
64 156
177 15
199 179
145 53
46 79
83 123
107 58
102 84
73 164
185 2
112 68
177 119
110 198
97 171
33 58
135 75
37 100
160 95
170 197
84 177
97 47
90 60
176 139
158 89
40 87
167 183
164 57
62 8
110 142
1 98
92 85
110 188
154 42
68 35
106 41
106 98
42 32
148 181
27 137
39 151
132 99
84 43
148 100
59 77
163 125
132 151
195 189
15 59
134 71
48 61
196 15
3 80
115 164
181 96
185 130
176 149
192 161
77 26
79 35
164 14
3 140
147 132
105 75
14 92
187 89
73 73
2 111
134 143
65 56
88 162
111 114
30 67
75 129
71 34
178 137
4 5
186 35
131 161
45 30
196 142
94 23
3 151
148 50
59 51
10 96
87 113
63 79
166 91
82 161
2 35
76 65
16 198
151 173
120 66
108 140
87 37
112 47
45 156
104 26
77 34
6 93
48 111
41 145
192 143
117 139
118 66
158 113
114 137
110 185
110 61
28 39
146 119
53 75
113 157
124 14
194 78
134 72
99 69
171 199
174 139
22 136
169 140
7 161
110 20
142 112
189 195
86 18
90 94
152 104
32 136
166 68
83 136
70 141
112 64
82 0
120 9
68 143
158 137
35 81
96 135
8 126
0 38
128 132
135 183
163 135
114 37
197 191
76 60
0 123
20 104
87 174
45 178
20 193
192 70
190 184
194 70
57 45
38 97
124 5
111 129
161 154
45 163
129 139
69 190
107 63
187 8
64 143
154 156
193 129
153 102
74 66
20 42
51 162
98 16
136 18
5 43
1 161
64 41
141 59
170 125
61 145
15 117
184 145
165 141
149 64
14 65
41 194
0 142
71 43
188 74
144 10
194 57
60 23
173 155
133 24
40 112
72 100
164 174
155 5
83 147
26 180
127 72
161 43
147 42
176 136
6 108
38 29
134 158
107 76
110 5
34 56
37 5
183 102
4 142
90 106
63 104
97 69
70 22
54 102
62 162
142 114
71 65
151 56
95 107
131 30
121 36
38 25
165 91
3 118
161 65
57 84
90 75
137 175
135 171
138 65
199 45
15 105
52 124
164 11
116 139
171 9
14 172
179 111
78 72
49 126
134 175
165 73
1 0
77 84
161 194
190 186
138 22
139 143
35 196
16 40
184 97
9 156
71 91
124 139
20 31
190 140
39 187
20 122
173 123
82 192
153 40
9 35
18 10
138 81
108 103
54 35
184 145
181 132
53 52
68 94
186 139
57 179
35 183
76 7
182 23
10 127
25 131
37 118
93 18
161 107
178 153
80 19
177 33
33 86
150 43
171 101
197 138
57 151
169 19
153 34
137 152
125 97
83 195
55 137
168 134
181 49
171 4
122 128
157 24
125 124
66 75
92 125
115 37
187 108
45 95
8 62
101 133
143 2
48 70
78 198
59 107
137 47
27 82
167 140
167 45
147 184
94 20
133 4
86 23
55 162
99 129
20 63
185 164
99 67
11 140
118 198
57 1
47 108
1 103
130 31
42 17
107 169
181 142
79 138
109 34
162 67
63 127
172 103
163 168
97 157
171 106
85 92
39 147
70 103
4 74
109 42
184 112
69 88
149 97
0 110
26 166
69 85
11 147
16 11
1 111
161 4
176 18
137 104
143 50
42 37
177 176
124 151
33 108
106 110
20 129
38 11
46 14
27 190
47 198
199 42
163 101
106 60
31 4
89 188
156 182
138 110
59 10
19 57
97 12
157 112
21 145
109 107
76 13
53 146
25 14
54 179
2 32
52 83
186 146
196 155
65 26
17 27
94 162
101 170
90 76
96 16
169 26
7 46
199 165
91 84
15 65
0 180
85 14
42 134
166 52
26 91
152 188
187 176
119 97
169 188
66 101
106 105
33 192
63 51
163 191
35 146
167 34
192 163
118 156
175 8
62 150
84 161
28 147
94 77
170 52
45 2
42 102
47 119
186 28
33 147
171 24
190 25
47 23
104 114
21 19
148 7
156 64
57 165
103 90
152 31
159 102
19 199
85 112
86 194
75 60
186 177
177 45
69 136
47 42
25 162
134 0
139 25
96 104
97 12
39 194
36 188
17 0
3 2
8 182
3 71
56 46
43 76
26 131
111 125
186 182
83 109
195 43
129 34
81 90
154 194
129 138
61 144
13 192
192 194
72 144
186 152
94 163
143 198
198 104
154 101
191 16
37 58
138 32
4 180
44 129
86 5
99 186
138 27
81 53
36 40
86 141
163 122
150 175
62 165
93 170
103 112
101 87
89 56
129 66
70 55
7 26
102 54
3 57
186 51
69 187
128 92
35 172
29 76
176 3
109 121
110 170
148 115
134 126
149 100
12 53
184 10
57 190
111 169
158 76
34 138
140 88
28 176
121 37
119 62
85 11
191 49
172 183
73 120
99 164
172 1
138 151
151 161
41 128
177 100
146 8
75 126
17 159
127 52
26 187
21 167
65 35
13 195
191 23
91 12
183 77
177 90
139 140
195 116
37 152
131 27
22 44
29 12
15 169
42 189
63 193
11 107
22 116
57 66
123 112
73 72
108 64
192 77
123 60
147 93
163 70
16 64
188 64
30 19
30 117
43 151
21 192
98 107
195 190
65 114
88 124
21 134
116 181
136 5
125 35
46 34
64 78
42 196
195 193
141 144
70 135
91 187
115 46
140 149
100 104
103 77
193 119
175 51
123 146
93 2
116 4
155 171
6 27
127 184
98 29
35 163
65 22
113 59
118 69
63 174
61 2
162 153
199 105
196 143
61 91
68 112
182 156
59 22
33 62
16 52
67 67
187 79
85 102
37 14
141 81
131 93
91 47
172 11
29 164
146 122
154 161
38 84
166 115
180 38
100 117
60 145
101 130
100 85
96 69
93 104
67 115
108 133
80 103
117 133
145 109
33 88
177 110
3 128
80 101
131 175
90 10
167 30
75 140
83 32
148 178
17 165
2 43
136 93
67 60
177 101
31 147
64 113
115 101
109 32
186 163
68 27
181 154
78 4
139 32
87 49
40 115
136 90
63 64
14 44
6 195
178 18
55 132
151 60
150 106
170 36
184 151
45 117
116 122
155 151
89 84
171 118
135 67
139 22
168 117
26 171
27 64
59 180
1 82
143 40
168 172
22 194
107 15
71 93
38 170
143 1
57 22
190 23
122 189
40 146
8 38
37 6
75 65
147 83
162 1
173 98
143 36
59 54
199 107
86 2
45 142
157 91
143 34
192 97
83 65
42 114
101 79
171 54
164 157
121 186
16 29
8 82
41 48
122 166
50 172
113 155
146 141
64 58
19 42
72 106
4 187
155 29
61 85
173 6
35 155
17 48
33 55
64 111
34 49
39 47
15 114
115 144
189 43
80 194
137 62
116 104
123 156
25 77
94 61
115 94
72 32
62 104
41 93
190 129
97 45
110 85
60 50
76 67
51 16
34 29
112 68
48 196
139 144
50 29
114 194
193 81
25 115
24 169
78 164
34 40
96 112
17 151
52 39
63 188
54 73
18 36
182 178
54 63
138 141
170 188
3 192
36 141
75 162
188 123
186 9
107 55
154 188
98 158
147 125
87 83
42 39
1 40
164 105
169 63
164 145
199 60
144 101
184 46
1 22
52 106
190 174
174 180
103 26
183 157
160 198
97 38
198 92
48 1
129 90
75 11
126 198
117 51
30 13
165 146
84 4
3 195
170 22
116 142
10 168
107 185
70 110
30 136
1 176
19 75
121 159
20 110
184 23
106 127
169 11
178 166
112 146
176 178
176 26
36 186
23 26
108 141
121 25
9 47
135 106
187 36
142 4
148 145
66 42
88 23
173 7
129 160
122 117
169 197
182 5
82 8
3 86
151 196
21 118
125 11
167 53
153 144
172 118
111 70
170 146
102 193
58 22
14 11
77 33
58 82
47 45
47 187
81 150
178 35
189 1
177 20
198 97
62 106
140 144
61 51
25 90
29 183
101 92
176 20
38 122
33 150
56 2
108 145
102 91
57 8
141 150
130 176
94 154
79 168
158 84
104 153
61 11
75 57
111 19
160 116
161 99
43 143
162 186
138 152
53 75
134 90
98 193
66 96
42 78
180 40
49 62
79 134
40 150
122 40
53 49
78 176
78 32
13 64
108 74
194 73
143 100
170 188
101 198
26 194
166 18
38 78
70 105
72 0
1 16
167 3
160 168
162 152
63 141
115 59
129 124
52 42
172 67
94 9
103 2
125 77
154 111
40 85
119 70
116 190
68 161
57 74
88 100
179 193
53 188
89 192
52 56
11 136
55 5
148 20
7 16
142 55
96 153
133 110
9 182
105 117
158 144
141 139
127 21
80 127
73 174
21 115
183 88
104 177
82 99
17 114
140 31
51 126
41 100
122 187
153 35
167 136
88 105
87 139
92 180
135 80
125 106
153 75
111 17
14 7
32 61
76 37
122 86
153 148
73 53
123 68
79 160
194 58
143 191
45 186
60 135
99 186
40 142
63 173
73 53
159 24
114 128
52 142
123 41
26 133
74 147
54 17
81 33
164 129
44 166
193 89
31 20
178 136
50 187
79 109
133 130
145 146
126 22
181 2
147 96
24 123
197 36
198 66
196 149
157 103
7 192
190 133
133 84
195 39
106 99
28 188
78 68
116 182
50 70
123 79
108 84
15 99
163 53
168 142
21 195
130 67
126 97
27 124
53 157
27 77
175 14
74 99
95 21
132 128
133 83
2 173
134 152
31 178
120 191
1 147
192 34
183 168
145 128
155 171
54 54
91 91
153 73
6 31
77 30
175 114
56 26
145 61
59 108
159 17
44 178
184 83
48 32
150 174
28 39
21 25
56 123
22 51
153 19
59 174
84 3
80 158
117 89
148 41
98 108
138 148
196 34
119 193
70 114
186 81
144 161
105 43
72 188
66 71
2 71
165 17
155 124
34 56
39 118
149 139
192 2
21 140
18 127
40 7
130 78
179 124
46 159
194 34
165 49
177 119
197 163
85 133
57 92
130 137
58 16
28 82
50 171
89 56
40 21
149 102
43 196
1 31
75 36
55 178
140 180
36 68
23 172
20 180
131 102
185 149
66 49
151 114
183 40
98 21
82 22
94 126
111 29
167 89
117 164
11 115
117 10
54 176
102 189
64 180
82 147
80 130
137 155
46 61
112 139
96 93
115 35
73 195
49 113
143 89
134 157
155 104
83 199
99 49
141 42
72 137
152 89
29 59
121 146
92 78
98 188
26 169
101 36
186 115
60 145
53 49
94 165
79 67
168 74
172 4
89 71
102 64
29 22
129 158
58 67
109 178
13 193
48 176
128 4
157 1
135 131
161 150
91 152
178 188
173 125
120 62
29 4
155 125
153 31
114 1
162 48
59 189
114 61
41 100
132 178
87 157
166 57
127 173
173 47
146 22
107 7
139 63
37 66
23 84
32 7
95 114
129 49
83 16
158 122
105 62
62 168
80 20
175 55
73 154
168 62
32 154
117 41
16 182
75 76
82 72
50 24
121 7
168 98
183 5
153 114
109 5
83 48
70 161
171 58
165 110
110 132
146 71
54 65
123 81
83 4
41 7
135 175
153 144
77 95
51 154
40 26
43 82
176 6
120 179
185 66
140 182
151 59
85 117
137 177
111 96
25 79
136 13
157 56
93 70
93 65
135 157
170 6
41 194
53 91
38 101
2 178
0 4
127 139
10 116
56 45
79 63
132 191
92 101
167 10
45 85
4 179
185 10
136 144
92 80
0 91
92 45
81 152
126 13
125 148
121 110
28 1
144 59
166 116
134 134
169 51
174 33
156 22
61 126
31 43
161 48
78 118
66 40
199 130
34 198
13 78
161 145
151 68
95 179
187 63
60 79
41 26
57 4
57 113
142 48
43 62
125 10
135 54
171 56
35 104
145 138
85 63
137 132
63 111
183 48
174 32
10 24
61 64
44 17
72 199
166 175
43 163
15 132
111 127
84 75
139 41
133 103
165 113
77 92
89 175
37 42
41 94
92 26
141 28
133 134
30 59
23 134
55 184
32 175
191 141
135 40
26 44
193 126
86 121
169 72
43 24
107 191
96 128
129 16
69 34
197 170
94 82
92 182
114 132
82 194
57 45
35 117
112 113
25 61
91 198
90 182
51 6
120 62
185 35
21 154
131 187
68 107
67 95
45 28
129 66
19 180
141 144
152 20
122 34
147 130
70 40
81 184
70 64
76 67
180 184
118 73
109 93
138 181
143 86
189 185
109 161
71 25
123 194
0 155
41 30
144 133
33 196
157 103
13 18
139 104
44 182
83 167
71 63
114 102
76 179
122 103
63 56
143 72
26 37
138 100
119 25
133 9
145 153
112 37
195 145
10 76
94 190
157 146
37 160
199 135
48 147
112 162
136 162
139 96
56 139
29 23
22 36
199 93
86 16
12 112
158 70
183 55
157 115
193 189
74 136
72 33
23 15
39 192
67 144
125 61
185 115
72 56
141 77
136 129
82 101
156 187
17 117
131 118
128 58
53 154
175 91
48 80
169 55
154 37
186 101
10 179
185 67
164 14
45 131
169 145
107 66
86 93
8 12
153 9
20 147
179 64
38 46
109 14
2 115
175 39
44 190
77 135
57 170
61 27
103 163
52 50
58 186
80 77
62 5
19 69
88 101
61 58
5 7
165 29
7 111
84 116
36 140
46 166
161 58
190 198
70 11
109 194
191 190
129 91
100 111
132 93
127 26
196 116
71 88
171 172
72 130
185 27
142 114
2 61
76 113
112 123
199 51
25 106
137 76
162 144
63 126
49 92
98 95
0 93
90 112
122 41
7 71
124 88
143 14
117 79
89 78
84 9
115 103
169 2
75 45
59 67
133 75
11 102
94 164
190 100
33 23
127 70
95 60
89 25
84 74
184 92
12 52
146 196
121 176
91 23
154 71
19 17
122 3
162 157
47 76
188 168
86 137
35 104
177 171
113 186
185 59
12 152
55 44
171 144
68 68
121 180
124 109
144 183
165 127
31 120
19 82
87 156
39 116
163 48
149 24
122 119
150 175
129 37
146 173
162 58
36 52
126 140
112 179
121 192
167 163
70 57
65 14
183 89
30 134
168 131
55 48
31 197
6 29
98 186
129 96
167 105
81 4
19 51
9 187
149 106
25 5
46 132
6 37
42 31
22 28
5 150
174 102
155 172
96 176
17 182
182 148
143 95
133 184
172 28
134 124
181 184
103 92
95 33
111 101
20 131
106 88
61 58
193 188
168 0
11 130
184 54
108 58
139 16
29 60
104 15
109 25
57 147
87 51
114 148
165 28
106 177
32 13
178 49
7 78
48 155
159 113
98 193
185 184
120 27
103 9
166 160
157 105
11 89
88 120
136 162
48 30
20 148
75 18
56 106
96 130
135 116
110 143
118 39
25 197
72 100
78 40
183 98
180 25
149 162
56 38
153 130
78 57
7 6
131 177
137 131
152 192
97 72
120 95
3 128
104 175
31 14
5 122
199 144
52 129
161 71
132 20
23 165
48 194
43 132
6 103
148 69
45 29
58 155
155 22
15 190
183 119
198 184
165 152
127 8
78 176
157 166
169 48
73 118
128 169
103 16
161 124
13 196
170 40
23 146
29 146
10 25
26 132
103 55
146 19
105 45
103 94
105 184
136 127
58 76
186 9
10 109
119 123
164 23
167 122
35 13
178 51
45 81
181 112
145 141
31 150
97 6
80 36
156 117
57 116
90 129
144 150
79 21
101 50
192 94
39 23
9 128
179 101
156 82
41 0
99 121
103 0
46 32
26 112
65 190
180 141
60 32
174 132
62 195
118 110
14 94
105 2
62 158
0 151
116 67
182 34
35 182
44 192
161 39
96 56
143 95
74 141
100 161
65 108
70 175
53 197
112 88
82 50
88 90
0 110
59 118
102 173
151 103
107 25
44 31
190 134
190 194
162 152
76 74
63 21
22 105
133 158
114 149
104 72
165 183
70 51
110 0
111 196
73 24
151 159
121 144
98 114
101 144
154 79
71 128
88 72
159 10
166 64
75 75
158 35
148 147
61 178
195 47
95 47
11 11
195 147
69 156
57 128
26 38
133 84
1 53
171 134
193 63
50 134
102 136
185 6
13 97
51 174
0 121
107 2
162 120
70 132
166 161
180 61
135 65
141 171
0 59
112 4
175 48
153 151
80 150
22 82
186 198
164 127
129 10
36 95
116 7
127 178
133 185
47 80
120 69
33 33
0 115
54 66
69 152
53 39
155 48
17 98
70 27
19 65
121 138
74 184
77 100
69 35
145 80
34 132
105 19
149 26
72 52
70 171
16 6
136 125
89 103
11 175
156 160
185 3
1 142
4 37
129 69
5 67
14 103
193 23
55 88
107 152
58 113
171 173
133 108
79 115
8 199
59 98
161 146
75 33
172 153
17 173
67 186
47 18
182 133
115 27
114 75
180 63
187 12
108 54
99 144
123 159
51 74
10 109
192 137
53 35
83 184
23 181
133 195
58 144
187 46
13 121
130 79
79 27
3 51
198 186
74 141
160 149
189 171
190 102
123 77
116 119
167 137
187 75
55 112
187 30
178 72
143 16
186 115
93 79
198 28
30 145
135 184
128 120
135 159
35 10
75 9
86 144
152 96
13 151
83 97
37 4
126 177
122 28
76 61
101 84
136 192
177 2
26 2
99 117
121 92
189 105
119 193
91 37
139 19
147 171
71 75
79 181
8 178
187 145
24 158
153 136
50 107
131 76
104 112
143 80
30 180
104 30
76 44
52 104
67 197
5 9
122 198
87 131
28 141
164 7
142 59
60 6
165 69
70 104
49 124
121 105
28 157
185 57
180 6
100 89
148 101
65 146
149 87
28 13
20 16
9 50
60 156
181 165
10 116
122 135
108 181
152 85
104 53
65 22
66 32
151 31
75 154
21 110
72 46
83 127
181 186
182 94
3 138
111 11
37 17
87 72
151 142
22 42
18 97
15 16
105 149
5 25
73 146
148 34
66 199
0 107
2 60
81 155
136 82
31 161
85 18
140 154
184 177
193 67
195 70
52 99
92 156
85 87
88 1
119 166
36 10
195 79
23 155
186 178
171 9
145 11
41 112
191 67
117 122
167 5
169 3
104 70
121 91
99 160
141 23
7 183
2 38
113 180
95 169
49 11
4 122
103 199
39 192
186 142
172 168
89 54
111 42
136 157
171 74
128 4
121 186
36 61
195 72
122 110
46 0
138 171
196 115
126 4
163 159
13 85
105 74
157 1
156 27
124 93
86 46
173 109
65 157
51 101
195 18
94 165
149 25
37 20
80 101
26 74
173 141
1 172
195 15
142 70
26 83
135 71
181 150
89 149
172 133
82 62
169 138
165 159
153 26
60 142
119 40
46 56
195 64
35 130
191 57
148 157
14 196
182 155
105 146
197 82
62 10
60 190
15 176
9 101
0 160
75 104
92 56
105 1
60 172
32 2
4 64
76 83
75 6
197 127
39 141
115 156
123 10
9 175
63 43
162 65
176 53
83 189
96 94
193 137
34 192
114 90
55 30
159 109
31 178
75 59
43 178
101 198
51 38
43 16
108 164
179 192
184 190
114 31
43 2
138 35
28 25
156 90
62 164
61 51
21 194
197 41
176 107
140 36
99 195
159 15
161 171
54 25
109 184
197 110
9 22
84 141
115 64
130 74
32 179
185 179
83 175
119 175
196 113
32 82
61 5
166 118
178 40
98 161
68 17
6 151
195 9
198 180
137 63
34 68
119 167
30 116
0 76
164 29
147 7
37 153
177 129
191 47
91 90
50 155
152 177
185 168
151 155
86 175
86 67
25 61
107 136
169 145
105 158
41 121
99 135
82 137
150 36
136 14
175 23
16 92
129 159
128 84
112 93
76 175
143 88
176 39
124 180
142 148
37 144
29 116
176 45
146 178
120 153
28 103
154 175
151 148
161 191
67 30
193 58
12 96
16 144
64 186
184 191
103 50
126 176
73 70
199 146
141 32
57 6
82 163
145 28
179 94
72 79
69 20
54 22
29 100
35 77
137 120
79 128
98 91
50 0
30 38
116 131
182 119
147 94
16 187
141 80
131 165
166 18
71 11
60 47
187 13
173 73
72 68
69 27
159 60
179 21
80 60
190 56
61 18
146 166
36 65
143 126
18 123
71 48
88 184
56 180
66 55
105 10
170 181
132 22
41 38
190 11
125 92
79 104
188 72
130 42
172 3
54 91
48 131
86 51
69 140
51 122
168 80
111 182
82 149
69 60
187 80
86 121
54 125
181 119
160 28
7 106
81 70
22 150
157 101
66 88
55 99
149 73
86 155
10 14
64 14
108 199
85 168
192 80
123 130
52 138
26 42
105 106
5 64
16 160
175 35
102 121
81 32
75 198
101 15
22 119
135 139
54 160
86 19
21 10
36 19
101 17
101 163
163 5
63 8
153 165
20 157
122 170
127 66
87 17
54 141
6 60
123 10
88 138
159 168
2 1
41 67
154 143
40 37
56 2
81 132
49 78
7 54
97 104
79 137
165 79
76 97
188 112
3 195
150 154
6 79
124 80
82 169
143 111
137 82
135 187
60 76
156 187
133 21
124 149
164 126
72 9
42 159
126 7
179 97
188 122
140 193
151 96
110 13
112 65
189 110
174 49
72 83
90 153
38 110
6 50
75 69
37 186
46 167
155 14
73 58
181 63
59 80
4 20
50 7
15 30
183 66
130 184
135 13
187 98
163 174
15 153
75 169
145 189
174 116
126 186
52 145
80 22
48 187
144 134
126 181
78 36
103 89
37 113
33 180
150 86
12 192
94 108
88 43
93 36
139 60
88 81
73 49
194 152
52 43
116 77
116 147
184 149
179 118
118 51
127 193
35 100
102 92
130 129
151 36
48 137
57 31
183 72
116 150
38 161
30 47
178 12
164 77
138 29
164 182
52 109
152 177
145 196
25 197
137 98
4 138
100 118
60 124
53 6
102 68
196 144
22 150
3 135
2 3
162 70
126 90
131 79
170 141
9 29
168 25
43 175
1 197
94 20
143 47
57 54
180 22
184 38
85 110
126 162
34 111
73 89
167 144
74 191
64 166
58 195
94 38
173 89
109 95
176 63
152 36
59 92
34 153
17 23
97 35
166 66
45 121
147 184
91 66
123 28
42 101
73 137
84 53
151 94
92 173
182 112
100 102
95 43
83 48
42 120
57 23
103 177
78 79
42 163
127 19
98 53
51 141
60 178
162 166
46 155
166 150
89 119
111 183
9 46
75 156
168 150
111 88
70 158
180 185
47 140
95 59
89 28
137 3
20 130
159 113
30 127
120 146
94 35
54 157
22 93
171 112
4 56
98 160
157 96
17 189
114 132
51 137
184 131
54 66
178 135
154 170
110 114
132 86
176 65
58 195
190 27
80 175
74 75
56 80
54 151
125 94
50 135
123 123
52 157
2 150
70 14
75 73
76 18
74 151
48 174
53 195
61 46
52 65
55 54
18 66
4 160
18 46
165 25
91 153
112 105
100 121
23 123
142 42
175 85
125 96
9 164
19 52
29 41
114 63
168 188
198 144
60 47
50 102
134 100
30 179
14 63
122 185
41 26
93 110
130 172
140 25
142 117
12 19
128 41
75 9
3 129
184 164
182 147
40 159
149 40
180 134
103 72
67 114
55 100
120 39
105 47
102 158
193 197
118 44
24 144
161 110
165 100
193 176
6 147
188 152
154 156
16 117
0 47
179 163
175 4
160 123
69 151
21 21
67 38
28 94
134 155
39 45
140 15
191 102
172 145
81 88
48 18
186 83
192 120
16 178
141 154
193 144
60 133
151 11
153 167
33 18
150 150
66 134
76 185
185 89
153 77
51 126
155 80
101 73
190 188
188 131
79 100
80 35
21 142
112 184
155 117
23 154
55 11
0 23
176 162
57 33
198 87
178 107
115 91
82 175
152 158
30 36
175 133
173 23
101 10
8 75
68 178
171 26
96 35
54 71
132 86
23 66
130 80
18 139
132 12
127 52
66 155
98 25
95 80
194 63
140 108
159 92
25 109
79 16
66 10
86 105
22 169
139 25
75 190
198 80
132 184
126 185
129 40
144 192
57 173
165 145
67 174
118 118
67 10
32 188
122 49
48 198
171 110
153 165
104 57
196 11
189 99
131 68
31 62
178 17
49 164
126 25
96 9
167 163
143 106
91 39
92 135
145 193
72 6
199 83
112 15
1 119
186 119
74 103
178 118
153 155
138 66
166 152
168 120
0 22
91 156
41 23
167 0
162 134
27 118
172 99
127 197
40 71
5 14
9 63
195 31
16 78
130 174
69 196
15 66
141 65
21 159
59 67
8 77
140 34
43 97
60 39
99 101
159 188
26 80
76 144
106 74
83 93
158 85
57 54
169 170
34 44
78 101
99 130
64 85
83 151
123 92
46 163
188 155
103 30
48 28
19 86
57 166
61 62
23 141
64 115
94 122
78 111
9 88
169 25
126 161
20 123
169 27
72 72
77 16
104 65
39 20
109 55
54 166
48 116
189 112
100 6
132 134
168 6
131 97
98 76
192 158
140 157
80 94
157 51
155 126
67 54
73 103
115 48
49 137
144 19
67 181
38 109
149 93
99 178
70 24
16 98
28 120
111 7
70 112
65 95
83 158
80 108
53 107
62 64
21 28
180 100
189 110
112 191
86 11
8 52
21 170
79 60
122 72
48 179
89 162
105 55
51 88
178 95
8 124
198 107
149 43
160 17
162 30
133 55
179 163
133 22
45 152
50 27
77 113
72 103
97 44
191 148
46 0
24 156
86 17
121 102
29 159
156 51
48 62
89 28
107 68
58 106
35 122
60 72
133 99
106 101
190 144
57 28
129 68
145 95
61 106
193 53
156 73
65 156
31 114
184 131
54 153
60 153
182 99
193 61
46 19
139 103
124 45
121 113
120 1
174 168
30 136
100 88
141 18
16 117
33 192
174 86
35 16
149 120
123 108
128 126
155 137
187 78
26 153
122 3
168 180
17 39
104 100
179 90
30 43
139 111
127 36
149 50
170 186
197 125
8 151
175 53
141 1
166 2
181 113
96 158
0 138
10 185
76 62
86 147
29 39
31 198
134 85
193 199
136 86
175 95
159 87
51 49
193 7
120 86
19 176
131 90
83 87
97 49
39 3
62 135
139 171
115 156
151 17
16 89
112 116
95 81
160 73
50 40
146 92
124 154
147 4
107 17
136 29
169 65
30 164
172 109
72 118
180 88
75 119
113 166
145 135
177 33
140 80
47 140
114 11
105 7
180 93
127 19
16 197
48 54
191 139
89 171
145 73
116 35
3 85
73 138
17 183
5 83
197 120
65 42
176 144
189 90
24 129
40 172
168 179
163 177
42 9
13 165
90 50
11 149
98 15
195 158
77 155
0 18
128 38
113 135
178 70
155 92
62 1
165 9
162 153
130 37
147 156
127 188
167 116
164 101
133 83
82 94
143 162
162 121
20 138
26 86
106 40
131 153
195 37
23 104
85 176
188 193
180 20
172 108
30 74
104 186
96 123
69 172
150 18
78 58
27 115
108 48
27 141
88 10
23 190
161 191
140 167
78 18
82 141
81 93
28 26
95 189
67 57
147 142
141 75
131 173
69 23
42 158
164 174
23 84
22 172
4 82
88 146
59 159
38 111
43 174
198 22
146 152
164 136
186 104
38 89
39 157
8 152
134 79
180 70
181 159
142 176
110 54
78 153
25 20
100 103
132 160
183 92
9 194
9 17
55 43
60 95
165 16
114 137
162 58
68 139
41 130
148 86
84 189
187 60
118 138
164 134
179 60
78 145
36 178
197 41
77 100
36 96
84 117
17 54
83 57
22 151
10 18
112 59
54 45
187 121
6 152
147 118
118 144
135 105
60 144
155 20
37 62
184 189
29 73
29 129
77 174
41 198
85 173
191 24
176 12
51 165
165 37
133 33
122 175
75 150
14 28
105 93
120 177
134 199
165 97
146 147
25 110
91 122
182 54
34 180
194 105
57 190
49 99
86 58
21 174
43 90
17 127
108 110
95 183
117 65
129 93
168 166
68 195
20 157
138 20
83 172
131 26
13 25
0 88
98 165
129 44
111 20
22 74
73 26
149 26
42 177
15 173
135 183
161 67
142 26
36 143
88 126
162 51
29 57
52 94
77 0
161 106
26 67
162 62
93 23
38 126
76 22
73 149
140 179
111 6
181 54
56 47
117 60
90 78
123 170
146 30
156 90
56 92
41 51
120 160
136 198
3 25
199 193
52 4
85 181
74 119
54 23
140 174
89 64
118 140
151 39
132 179
151 8
105 93
144 127
177 169
21 150
166 162
40 50
128 86
41 199
62 42
93 82
160 118
36 144
62 94
145 113
197 12
33 59
107 187
168 126
53 78
80 75
49 45
63 172
155 68
96 170
87 153
158 186
90 176
81 190
11 133
174 81
150 23
42 117
197 188
19 160
83 159
71 57
89 147
182 196
16 102
149 172
41 75
115 23
109 81
112 35
113 127
21 82
58 100
91 75
43 115
40 185
63 170
156 76
184 146
154 92
84 5
96 33
190 88
92 71
144 68
157 5
151 34
12 4
63 67
15 50
23 81
75 53
39 152
15 100
46 65
160 118
14 21
134 140
9 172
32 171
134 132
45 185
109 59
118 42
176 189
99 165
83 182
2 2
51 125
147 186
57 88
3 114
84 96
35 89
153 110
26 29
46 44
140 30
167 57
46 23
139 119
186 187
59 131
25 81
62 14
166 64
185 82
160 181
163 154
65 147
85 56
174 129
197 1
171 172
80 193
55 168
182 170
174 191
151 35
135 135
172 47
61 44
29 160
33 44
108 139
180 62
139 110
7 39
199 194
79 189
133 31
47 170
131 136
3 59
160 108
49 134
86 195
3 172
142 133
179 198
53 72
19 131
21 106
103 96
195 66
83 125
96 26
84 75
119 37
147 186
12 160
71 22
14 161
56 186
151 184
91 16
196 188
180 18
23 10
23 125
133 141
71 174
51 63
119 32
51 68
24 49
116 28
66 180
136 139
181 31
58 175
117 9
64 124
28 116
188 16
110 35
122 197
139 68
43 198
157 163
23 140
46 69
162 154
136 122
89 106
133 187
86 56
160 32
188 53
154 197
15 14
140 3
52 142
104 32
94 79
140 194
8 167
141 124
76 175
76 173
184 14
184 148
87 122
179 185
30 164
162 149
8 14
186 98
144 97
57 21
79 198
56 38
50 0
80 100
11 111
117 19
150 192
92 114
48 141
95 106
172 187
146 69
33 93
53 147
148 70
91 54
42 57
41 0
193 12
30 96
9 165
128 178
119 97
141 71
25 115
11 173
115 82
165 163
44 51
98 139
12 74
37 78
6 149
82 152
96 12
12 42
166 47
139 133
12 155
128 99
127 120
182 155
59 118
27 184
48 156
199 193
155 37
33 31
191 75
112 198
62 37
176 170
181 115
198 59
99 163
150 91
60 90
165 196
70 44
63 68
96 160
13 136
14 6
181 174
171 55
151 23
117 32
12 46
30 57
75 139
3 160
125 47
98 182
117 103
117 146
168 32
42 172
148 44
113 116
119 146
9 156
64 50
36 161
106 15
104 119
127 81
37 7
19 42
10 168
195 72
198 182
31 123
153 112
45 75
46 65
51 159
57 95
159 30
15 15
116 52
113 95
129 40
152 132
197 100
148 11
169 11
150 174
150 195
128 180
178 198
135 116
32 99
43 96
146 185
21 159
171 102
47 184
132 0
189 99
105 150
97 133
26 100
75 21
69 59
70 154
100 45
187 95
36 97
68 60
69 166
93 160
9 136
114 72
1 74
54 91
53 101
171 158
163 197
179 86
70 28
167 29
87 55
120 15
193 42
38 13
102 31
131 192
147 10
89 173
40 31
75 56
142 177
165 96
136 0
97 106
94 60
65 50
13 135
132 134
111 59
64 173
163 99
96 128
26 87
139 123
15 139
198 48
21 3
193 133
54 4
165 53
119 104
145 7
177 126
76 187
110 137
53 55
38 63
29 147
86 83
114 184
82 68
27 76
8 159
27 68
4 10
87 25
57 64
181 160
24 122
94 26
78 155
169 78
155 68
189 170
137 93
33 114
180 139
95 156
20 148
181 68
33 134
108 84
143 143
7 181
170 45
71 129
172 124
107 107
163 142
191 169
81 52
1 75
75 110
21 65
161 149
130 66
89 153
7 123
137 0
113 102
150 124
17 113
92 61
149 195
26 76
119 2
176 135
196 170
21 176
15 82
61 2
29 130
8 174
12 191
176 43
30 40
184 82
7 66
103 120
43 165
162 9
18 110
133 145
135 25
118 46
193 165
98 103
27 191
123 44
1 128
134 54
42 19
56 53
107 114
138 137
118 79
96 89
191 64
129 24
8 119
23 185
88 65
198 100
18 110
135 94
75 146
94 157
43 85
168 26
27 32
31 114
93 21
27 71
52 175
49 149
40 71
30 195
146 37
97 79
36 70
183 107
98 174
12 29
37 54
113 12
81 179
5 83
197 101
134 53
179 17
176 152
144 127
69 2
155 20
185 30
100 12
179 164
122 11
135 186
192 41
25 89
150 148
158 139
17 175
173 33
0 45
172 157
196 73
27 8
7 193
115 137
194 75
176 147
48 133
66 70
76 63
92 63
171 36
8 45
48 94
161 3
25 174
77 69
23 174
134 16
88 13
97 80
54 125
116 6
171 177
64 13
176 40
51 106
86 29
60 56
1 117
96 42
168 176
91 104
143 98
64 185
199 105
62 167
187 44
96 172
139 122
84 36
18 126
150 196
45 75
73 63
40 190
196 2
113 143
179 48
135 140
39 113
154 107
140 193
79 111
67 6
43 167
18 117
2 70
57 178
127 51
33 174
166 51
170 197
34 122
41 121
123 77
166 77
21 182
146 60
56 184
8 104
5 94
87 66
66 8
18 72
23 182
176 67
160 109
161 38
27 116
179 84
77 0
8 175
124 93
115 146
8 183
61 159
35 90
162 100
87 132
36 89
101 90
189 32
177 170
187 110
139 145
192 184
73 21
123 34
84 24
129 93
155 52
41 113
142 3
4 48
138 110
172 121
3 29
195 96
162 190
71 77
94 160
134 188
45 8
82 86
32 99
131 71
40 14
111 5
191 20
180 54
21 69
162 3
150 127
70 110
87 192
147 46
188 21
71 57
80 63
57 10
68 79
53 55
34 28
33 155
197 86
14 117
196 180
94 59
18 184
139 110
197 98
129 172
70 168
165 20
185 30
82 70
73 132
196 127
53 111
55 38
184 132
16 55
49 17
145 68
130 13
77 188
164 40
19 107
152 93
141 42
29 47
157 33
74 3
53 119
176 88
91 51
108 37
15 151
106 182
108 125
90 189
143 60
191 180
189 146
160 49
104 74
121 190
50 13
191 160
134 14
51 197
137 148
71 25
37 72
161 166
127 22
125 109
41 167
9 26
7 143
192 161
71 179
189 81
93 17
43 115
162 9
45 36
195 88
150 107
121 88
45 34
171 19
154 97
141 107
59 70
88 139
198 65
52 5
66 8
134 49
33 176
104 72
95 59
49 22
10 131
46 100
11 35
140 21
15 139
182 108
76 167
120 170
77 65
0 161
167 179
37 191
106 157
176 15
32 186
70 164
18 19
83 181
27 98
110 15
3 30
42 184
142 15
121 64
134 78
181 179
83 89
82 179
21 18
121 68
35 47
46 24
77 199
186 149
144 131
48 160
56 185
85 89
142 68
63 171
174 192
86 58
27 103
159 164
11 186
168 62
62 2
17 145
159 128
90 43
96 5
79 126
62 152
186 7
47 55
24 21
76 79
193 36
87 187
110 182
90 27
95 138
146 176
81 28
64 34
19 156
35 135
115 178
7 141
81 66
26 14
111 149
53 97
116 110
36 168
88 130
192 16
4 152
193 166
176 199
150 112
104 170
160 108
149 54
0 1
103 196
38 87
132 180
30 168
37 125
113 124
196 127
17 90
137 91
69 173
89 109
0 173
179 97
119 75
20 70
83 36
181 38
21 55
102 65
85 76
31 152
26 103
181 109
37 158
53 44
28 44
135 41
116 108
92 161
152 163
44 48
17 43
68 113
58 147
163 139
109 115
17 111
31 121
5 53
131 162
195 159
14 15
106 68
11 71
164 151
140 101
130 92
185 34
109 101
55 72
107 151
76 158
111 5
186 33
72 41
198 193
11 153
153 93
172 193
92 2
49 173
164 56
97 67
129 135
158 184
66 68
80 6
156 180
137 81
43 16
55 145
55 196
59 100
10 34
18 143
7 78
128 130
15 21
147 27
74 120
81 4
53 24
149 30
29 13
122 91
46 0
15 77
174 17
185 174
69 1
17 68
160 130
15 162
38 172
120 194
74 72
117 184
124 69
132 8
28 75
8 91
44 57
126 191
82 15
114 95
196 175
192 22
173 119
31 98
100 109
31 49
68 51
194 169
102 117
122 166
64 88
191 47
171 82
181 194
129 150
60 73
50 89
194 105
149 4
54 157
47 24
160 108
48 124
99 196
24 28
197 153
103 81
155 67
126 66
93 106
1 156
16 89
160 149
67 38
172 10
52 3
188 24
44 92
90 136
181 163
198 118
181 42
82 149
51 21
40 45
40 59
68 78
0 68
194 198
135 46
154 197
97 179
37 153
59 33
150 56
196 157
180 138
0 70
192 23
76 61
103 162
141 90
47 144
109 184
185 198
156 104
72 78
180 48
174 1
20 98
128 33
66 177
63 150
93 142
178 79
168 74
100 181
127 52
109 26
8 177
140 13
120 107
31 88
124 154
81 58
27 131
77 79
189 95
21 131
191 48
80 117
23 62
126 48
169 120
67 78
54 113
17 95
36 131
133 94
197 126
35 65
0 75
145 167
37 49
102 98
151 159
40 28
89 48
52 52
165 148
166 74
94 119
155 0
3 60
119 0
166 90
147 92
22 198
158 46
131 56
65 107
122 75
104 63
169 52
32 60
47 142
51 159
7 188
185 86
123 73
134 36
16 27
82 64
89 0
30 64
45 119
145 81
61 112
56 52
26 94
143 154
19 87
21 71
12 130
153 75
35 130
195 111
97 119
103 25
71 185
42 103
56 127
102 109
189 187
124 159
15 121
169 38
104 102
112 24
160 92
118 138
97 141
153 91
95 141
161 83
111 45
70 63
135 112
8 83
184 118
56 92
119 52
145 172
62 28
198 192
163 108
145 85
89 156
6 181
37 34
143 132
1 79
16 67
76 83
87 196
116 101
40 143
110 179
187 71
13 128
144 71
161 73
55 39
110 164
72 132
175 170
11 52
159 168
166 121
30 13
164 60
1 16
138 5
132 11
57 128
35 93
102 199
128 149
127 84
77 29
60 140
110 40
175 55
112 166
197 31
140 112
18 112
54 102
40 149
160 68
139 190
23 127
69 17
121 129
1 167
13 137
194 195
93 90
153 121
55 155
180 91
91 136
48 104
188 123
139 71
155 89
91 149
38 39
42 74
97 24
96 113
134 53
120 67
8 150
4 28
52 104
122 152
49 78
179 182
167 53
17 143
178 56
115 107
94 93
67 152
32 10
89 100
115 190
34 103
92 145
56 117
23 115
47 44
117 110
188 97
25 179
110 27
72 24
127 56
88 4
4 157
73 42
4 170
66 8
100 191
180 147
174 143
173 74
120 138
133 28
148 2
20 113
196 10
181 100
46 93
9 123
16 18
127 31
123 46
149 96
6 154
174 116
81 89
196 82
158 8
11 97
98 91
110 49
164 184
157 127
136 44
64 58
129 160
23 123
55 3
116 74
150 112
43 92
83 192
62 182
67 48
7 193
150 157
93 95
104 104
180 155
44 77
26 85
187 12
173 115
64 56
69 81
40 179
159 142
135 107
59 56
159 41
10 119
39 171
112 49
51 108
183 112
46 189
58 34
24 143
25 54
50 66
181 17
147 104
83 108
64 102
98 197
35 153
15 37
142 162
112 58
188 84
173 64
62 48
161 133
0 164
46 96
197 150
72 128
180 103
144 132
153 32
3 58
149 190
107 38
190 54
44 39
80 120
44 40
193 65
71 140
68 37
26 43
193 130
188 170
87 177
53 121
157 65
24 117
106 189
116 43
104 156
69 161
185 133
137 187
61 10
104 189
131 62
36 60
176 164
67 171
87 45
59 143
117 161
173 17
195 87
96 151
23 37
3 107
116 51
41 38
118 198
65 69
154 48
42 162
25 19
36 17
93 79
23 106
39 189
50 88
126 198
48 84
107 75
198 21
105 17
97 3
76 154
152 39
32 91
139 86
66 65
94 96
126 129
178 86
162 34
109 193
109 81
143 72
130 3
150 27
30 94
0 89
45 41
2 72
66 107
64 55
112 1
69 179
98 121
91 94
28 110
127 164
109 109
137 185
138 168
147 183
142 6
179 40
68 92
68 120
163 149
145 68
88 46
37 22
153 144
189 17
178 50
126 5
125 72
54 27
124 140
76 178
134 126
98 36
72 11
93 24
134 88
146 184
70 16
122 18
106 74
88 128
144 61
31 97
181 128
153 67
62 43
76 194
95 40
171 71
173 125
151 192
106 69
137 165
83 114
151 160
192 181
93 98
121 180
26 43
107 94
61 174
74 168
58 160
87 100
193 141
40 30
157 58
158 125
72 24
1 120
28 106
67 79
0 11
166 107
46 185
159 69
88 165
48 14
46 62
93 168
79 148
20 122
120 146
196 179
199 17
8 62
59 196
106 49
132 52
10 23
62 48
50 128
113 152
10 148
91 36
168 120
109 19
167 15
177 27
78 41
48 43
175 42
103 112
32 6
29 65
77 198
173 120
52 135
46 98
158 41
173 107
186 151
159 195
169 167
3 54
185 192
44 11
162 185
194 190
63 180
111 129
184 77
87 53
164 16
88 193
119 110
88 106
96 8
76 126
17 96
68 199
31 3
36 73
155 71
63 119
52 91
193 58
134 103
144 76
96 128
119 79
163 48
110 129
146 121
5 66
54 147
63 88
14 180
158 14
196 175
115 139
140 132
174 179
11 52
169 75
54 65
181 147
94 146
63 87
88 78
176 17
0 55
128 38
176 173
185 44
186 153
24 70
116 93
41 43
62 30
95 130
39 158
147 64
63 130
122 155
156 35
63 123
38 104
146 3
85 76
21 21
92 181
51 149
175 118
126 180
183 119
174 140
16 29
104 173
149 183
51 49
161 44
193 111
61 147
125 169
24 58
68 109
176 62
33 179
39 5
181 36
24 63
158 158
112 51
77 60
98 4
94 108
193 179
149 37
27 146
100 154
126 91
153 81
107 35
91 80
41 105
157 70
179 124
130 70
58 69
136 11
180 110
123 4
182 67
73 186
64 96
165 46
84 152
106 0
102 184
168 135
146 37
166 4
162 172
149 184
58 100
146 178
11 191
74 67
135 9
155 89
12 60
37 62
183 142
81 171
181 173
92 105
159 126
175 0
45 180
181 148
186 16
194 90
136 96
49 72
154 82
157 16
45 85
95 102
12 6
192 115
72 95
197 144
199 38
22 148
117 68
43 46
68 36
183 62
19 50
199 144
196 114
70 194
105 53
147 76
161 19
185 186
105 115
127 33
138 134
63 72
46 127
145 91
87 1
65 146
33 73
195 138
41 69
157 141
79 33
2 9
88 133
111 86
25 60
82 104
129 44
70 107
184 199
120 21
170 69
135 18
56 87
173 60
85 52
91 55
47 68
99 85
34 3
69 186
20 86
126 29
97 116
28 156
73 87
118 141
164 158
27 183
189 22
45 2
161 160
22 58
18 164
141 166
118 63
185 56
3 14
106 0
58 110
151 11
53 88
26 92
196 5
73 130
155 165
73 167
113 179
195 125
66 5
30 160
161 40
27 55
66 52
191 109
45 81
7 39
28 185
93 87
11 89
14 129
170 34
76 91
187 160
48 9
9 191
90 133
25 139
166 195
196 15
21 0
7 167
133 69
93 40
183 191
172 80
152 190
90 181
7 77
182 138
27 51
142 14
74 105
177 16
51 71
15 58
94 121
47 125
10 121
146 145
116 117
129 49
17 2
12 44
177 174
156 58
107 148
134 96
98 108
175 86
162 196
139 192
74 24
134 55
134 165
190 67
5 196
151 54
127 179
62 119
144 18
91 140
138 121
40 166
52 101
38 63
12 14
167 92
68 50
0 103
34 30
163 27
7 125
167 138
162 49
31 45
26 121
94 87
102 199
41 9
148 33
83 184
111 75
178 10
91 184
80 176
173 7
109 11
81 18
0 199
139 65
193 120
136 41
109 113
197 156
176 157
172 197
124 16
188 199
84 111
162 194
85 46
194 83
141 99
74 152
162 121
190 57
115 135
50 5
169 192
109 143
112 93
42 148
195 57
95 133
142 140
140 98
115 41
181 157
160 130
115 51
70 145
108 100
99 32
117 114
46 148
124 62
37 36
139 127
0 1
163 102
125 108
48 150
58 22
48 192
146 2
41 161
81 112
60 132
198 105
154 39
80 63
76 14
191 181
17 181
131 191
158 48
74 115
161 157
195 174
182 45
23 39
132 163
8 11
130 111
143 140
77 32
163 111
117 24
109 190
100 23
121 77
92 117
137 199
38 20
151 120
3 183
163 14
198 152
199 23
122 13
115 196
161 83
51 62
6 6
73 105
52 191
7 143
56 42
25 28
53 162
16 186
29 151
14 194
151 112
38 65
135 43
121 11
104 38
11 173
152 54
73 105
169 173
162 52
142 62
170 94
81 155
176 187
38 127
4 139
131 80
85 48
174 102
123 78
107 90
146 194
17 67
126 154
189 130
180 83
160 33
33 61
177 167
38 67
76 113
189 85
80 99
47 70
154 128
4 78
87 56
124 164
139 27
169 43
175 25
27 32
168 134
78 72
51 177
160 68
184 101
1 14
122 14
137 151
154 152
125 48
52 37
96 102
94 111
7 65
127 56
190 6
130 141
44 33
109 148
0 163
194 44
173 107
131 146
74 177
162 132
135 123
5 115
188 12
137 29
34 28
52 178
17 52
97 5
117 87
46 117
168 7
189 160
141 125
46 117
198 159
40 185
121 10
42 2
72 16
95 180
5 167
100 122
126 20
98 0
57 153
85 163
192 103
6 29
177 161
160 111
137 28
18 167
194 136
175 134
76 69
138 2
141 116
154 170
197 189
21 174
162 53
22 178
70 133
62 46
35 114
190 13
8 38
159 178
115 147
195 107
43 150
187 46
136 130
72 156
171 19
60 91
117 104
142 6
139 36
30 104
161 82
44 132
72 63
22 14
41 76
194 109
115 27
138 51
81 63
36 158
148 102
181 190
191 44
109 179
168 50
191 182
83 89
49 198
51 84
124 154
37 177
30 80
106 108
88 125
17 176
114 83
60 181
46 192
139 41
160 141
119 89
159 149
44 128
26 123
131 4
182 190
194 109
117 178
78 145
57 63
173 121
65 196
116 49
163 23
81 61
135 137
140 119
94 172
60 81
193 172
130 160
180 108
195 62
51 1
79 145
56 151
185 32
145 80
146 66
134 125
168 1
9 75
23 101
50 33
170 31
198 147
175 114
176 131
187 169
155 136
150 56
87 98
137 151
66 160
41 113
0 138
103 18
111 177
80 172
20 15
179 170
81 162
113 47
74 145
177 2
103 178
12 48
124 150
0 23
25 115
63 99
110 147
71 185
195 55
178 71
142 108
154 88
3 28
74 93
8 104
141 139
197 101
93 194
198 157
170 135
188 62
173 29
49 3
165 37
81 193
129 149
190 187
115 107
45 33
117 52
51 82
52 19
81 90
25 43
58 19
121 64
180 15
92 32
84 65
6 196
119 199
27 103
136 166
195 89
73 189
164 69
178 93
86 190
193 164
125 141
188 66
88 127
8 74
133 69
168 32
185 98
77 87
132 81
88 167
122 12
138 147
188 83
191 13
148 127
137 174
153 51
178 4
155 54
172 63
168 199
49 30
199 146
55 36
170 33
177 102
98 199
24 80
99 108
135 57
57 115
127 188
143 10
179 152
67 163
54 1
144 1
46 116
50 84
20 23
40 156
193 93
120 6
106 65
97 71
21 30
124 136
182 183
198 175
109 163
115 18
52 80
151 181
137 141
99 170
189 145
57 67
132 109
145 134
177 184
174 46
68 177
138 191
42 112
96 52
16 165
25 84
153 8
44 96
4 71
60 60
113 195
177 102
66 111
45 55
49 70
81 143
199 115
3 38
132 43
70 172
170 60
97 70
169 39
27 172
99 191
93 197
145 51
185 161
136 192
129 102
54 141
105 85
197 38
123 58
82 25
143 161
40 149
158 173
115 46
132 159
45 137
120 15
147 64
181 37
17 122
108 61
82 119
61 115
192 100
55 4
6 121
82 80
89 78
77 178
111 164
135 186
160 183
89 5
32 106
37 78
44 148
13 55
6 23
65 61
69 43
184 22
2 1
164 174
31 26
89 7
99 143
11 113
80 195
43 68
126 55
110 154
13 73
21 165
35 6
77 11
27 52
125 24
165 97
36 24
23 58
137 45
100 11
99 99
133 56
33 7
115 42
112 21
125 73
78 114
109 90
45 18
45 140
28 194
176 55
102 170
97 138
158 1
36 38
57 63
139 131
183 96
8 160
38 13
189 195
187 132
116 155
113 191
30 38
102 0
156 114
140 105
81 0
114 39
38 37
170 155
135 82
71 136
158 15
170 51
38 110
137 154
21 88
109 41
123 152
64 85
89 170
195 119
185 62
136 163
161 3
140 186
46 113
56 81
160 60
5 159
23 88
121 15
19 14
143 94
32 108
140 9
165 197
119 141
135 133
3 138
194 167
138 145
59 75
6 98
23 64
159 85
192 172
88 96
59 119
140 158
71 100
180 144
21 6
80 189
135 187
52 100
37 108
79 156
198 98
143 121
49 13
129 169
97 39
127 147
39 190
142 157
26 11
141 140
133 16
3 42
100 114
18 179
25 48
146 27
184 40
185 61
54 154
165 199
69 28
100 53
34 166
175 63
182 15
119 198
35 141
182 90
114 52
122 1
54 192
47 178
87 92
155 50
186 142
183 144
95 55
89 50
68 62
119 163
120 7
169 108
150 65
155 116
10 136
173 74
13 157
113 7
115 193
131 141
180 106
99 54
99 135
124 182
166 7
98 49
23 48
162 143
115 153
109 16
146 21
1 24
50 199
130 28
54 137
134 178
136 61
70 27
98 70
15 182
33 11
164 81
181 20
159 136
65 100
36 182
125 182
168 12
83 180
45 98
192 171
117 152
130 109
56 148
171 38
50 157
58 31
123 185
90 194
61 136
31 124
42 199
62 20
105 38
182 106
195 34
34 67
95 31
129 0
73 153
6 61
108 164
155 38
126 61
86 101
142 184
126 85
75 18
60 66
66 98
15 6
135 116
125 132
33 23
17 120
192 3
175 179
175 108
46 45
98 113
14 166
133 30
193 71
29 100
153 40
81 52
46 40
9 46
144 184
5 180
16 190
73 92
84 101
150 31
139 71
88 51
87 6
179 92
124 123
65 42
192 172
16 194
104 136
100 8
186 169
189 170
61 190
17 67
66 108
65 106
71 13
81 192
39 83
79 86
28 85
116 92
78 76
139 162
29 153
191 192
158 187
17 176
1 134
14 144
94 175
79 134
47 137
133 172
99 182
32 132
192 34
182 186
36 70
52 29
87 81
11 136
197 167
158 102
97 125
175 135
11 173
107 34
16 174
150 43
149 162
138 145
32 184
90 116
41 197
53 98
49 109
192 4
71 179
43 191
31 116
116 166
116 132
13 95
26 142
35 3
106 46
138 110
155 148
100 126
36 167
98 108
49 90
62 17
142 134
165 121
81 56
16 123
39 69
137 148
45 146
95 75
11 159
105 114
198 130
86 105
191 5
197 192
55 12
178 64
108 71
165 64
7 57
166 18
56 145
137 115
8 4
38 10
156 173
36 194
83 130
142 55
81 179
117 92
15 167
70 34
19 68
161 167
14 111
150 75
4 187
1 55
181 180
131 95
137 143
100 76
46 99
68 83
53 117
35 183
169 92
83 175
160 96
17 175
60 163
49 145
105 105
98 72
89 146
92 13
98 178
119 62
132 153
6 47
87 24
103 48
43 40
12 81
74 14
190 45
35 45
47 42
85 22
5 151
63 66
194 96
24 83
194 28
95 113
97 6
47 131
77 38
6 75
18 179
162 54
39 0
114 130
153 149
162 164
50 26
172 32
169 183
160 10
111 39
70 83
91 62
7 87
132 191
109 107
175 199
46 65
112 187
191 68
50 100
136 29
137 32
95 95
137 0
9 160
190 18
152 173
120 52
37 60
179 140
122 199
139 155
53 174
152 149