200
11 10
157 86
186 162
187 33
4 116
122 67
90 135
136 111
83 36
60 135
97 17
56 33
128 168
19 95
186 89
30 166
3 75
9 153
134 105
1 97
114 98
146 146
164 38
152 61
177 130
117 44
126 191
135 29
182 85
53 66
120 19
50 47
198 182
147 130
141 174
45 112
88 169
15 56
150 63
7 40
127 129
171 102
79 126
12 191
145 166
154 41
184 144
120 68
131 36
137 125
147 102
107 23
118 171
137 91
4 164
121 90
176 128
89 48
108 111
105 87
75 40
121 172
97 139
6 143
148 133
176 42
45 145
137 116
147 162
131 156
105 19
112 127
178 139
74 114
90 35
125 31
46 2
172 88
48 29
32 36
5 98
136 148
179 93
189 147
155 48
35 20
198 141
68 139
94 164
153 165
89 147
105 69
59 158
123 27
173 196
122 152
60 26
73 191
110 81
187 60
7 104
156 199
74 199
54 42
158 192
24 123
35 116
59 43
135 52
30 101
45 103
125 130
32 178
149 30
12 67
95 111
106 195
31 103
22 155
66 161
0 113
117 89
29 24
19 89
41 119
72 11
151 135
4 90
20 46
155 23
176 169
109 62
115 144
181 138
88 175
154 59
68 120
36 35
111 79
196 88
154 178
178 190
167 81
85 173
122 191
30 80
194 7
32 45
54 97
145 44
156 184
150 84
42 19
176 132
5 175
78 48
179 24
195 120
70 188
46 51
107 25
179 75
155 43
137 14
195 88
80 25
85 198
70 134
49 199
37 46
131 128
166 125
48 99
28 141
164 74
10 79
90 56
97 36
193 52
176 132
195 42
71 38
68 27
162 82
138 100
52 190
101 199
192 65
72 156
185 104
67 121
147 88
184 110
17 70
195 187
188 97
44 24
54 48
100 88
81 12
140 112
9 98
85 6
122 115
62 67
47 117
65 113
23 41
43 7
123 103
197 125
155 159
3 50
31 37
33 137
2 154
130 28
139 7
187 171
140 132
4 74
29 10
103 175
81 96
149 60
66 124
128 89
90 184
45 162
144 140
92 134
26 191
29 19
80 116
170 62
172 96
47 41
193 158
114 60
133 53
67 119
4 97
90 60
55 182
55 133
188 130
13 106
24 182
134 23
25 4
183 59
2 57
78 51
195 95
92 18
114 188
72 77
41 108
59 8
199 52
120 87
73 3
88 34
195 41
15 178
77 75
58 48
56 74
95 16
72 156
121 131
95 30
144 4
64 151
79 51
30 20
78 156
176 159
98 179
39 13
189 48
150 156
156 92
168 38
129 77
175 80
113 146
53 129
18 42
153 44
23 190
168 43
105 64
63 198
159 129
42 82
10 99
63 166
158 108
189 63
139 38
196 82
153 73
140 163
139 187
59 123
12 72
87 117
199 187
124 3
58 198
39 80
98 173
12 83
36 120
11 199
95 40
163 165
12 28
13 193
116 191
167 112
150 159
168 103
85 151
8 135
129 17
151 190
57 80
160 157
141 59
59 40
129 56
98 28
135 196
30 105
133 92
175 92
114 69
178 152
120 112
28 83
83 1
75 14
152 108
59 102
75 69
70 75
27 150
104 18
55 124
20 36
135 187
22 91
89 195
139 28
81 134
77 180
104 67
178 62
111 169
114 113
154 127
135 29
102 131
76 179
66 37
60 198
197 128
64 93
64 194
173 47
22 75
44 81
170 141
6 170
21 32
5 99
163 11
12 63
51 143
123 7
115 138
134 124
53 81
56 83
60 176
61 74
28 116
185 180
181 18
142 50
56 37
23 140
186 196
96 91
145 64
86 169
108 85
47 122
39 19
39 114
163 87
119 97
175 80
56 55
106 199
125 57
68 172
39 41
109 27
155 183
132 58
26 189
174 2
31 180
171 144
73 8
133 36
93 174
69 120
119 102
45 182
40 48
16 39
131 165
187 101
178 154
176 34
120 129
122 100
194 86
117 35
144 177
68 108
27 175
133 126
160 146
130 61
92 113
43 180
117 115
190 64
97 32
119 125
13 2
47 59
22 46
143 105
141 49
80 142
146 141
138 153
45 8
96 70
32 77
151 16
155 118
154 88
191 157
54 74
76 78
79 127
140 122
14 94
65 141
29 90
50 45
126 1
54 153
13 44
80 113
121 169
199 159
186 71
141 52
68 165
83 76
11 103
173 122
80 22
67 43
144 13
110 57
180 17
12 148
76 191
118 29
122 2
1 20
47 123
117 68
167 59
88 140
132 84
48 194
176 152
153 162
75 27
192 24
182 40
58 75
82 123
16 17
87 96
78 24
67 160
75 169
84 162
181 33
138 98
82 111
164 28
20 188
174 25
21 127
35 154
49 45
192 152
1 17
111 137
55 69
148 118
120 60
22 143
104 172
32 91
172 6
163 38
24 106
145 140
54 111
141 194
89 56
81 153
63 41
70 79
17 63
30 19
113 80
180 192
21 162
189 25
50 39
153 137
177 79
166 81
89 5
5 1
51 179
189 129
42 146
115 96
152 177
103 194
184 112
163 58
119 30
178 47
0 27
45 40
72 75
84 126
163 52
61 43
71 83
146 163
135 196
70 85
169 180
47 115
90 80
114 84
74 103
198 135
44 24
134 109
46 51
4 117
129 65
100 33
62 11
4 165
30 102
36 138
79 136
125 75
59 113
181 130
89 166
77 2
145 128
33 11
89 150
111 167
61 41
28 80
187 99
80 48
28 186
101 24
172 151
90 175
52 185
148 53
84 20
132 19
24 190
30 89
93 172
191 141
104 197
88 135
102 196
35 106
113 185
148 168
176 142
116 197
197 175
42 81
0 130
195 5
128 34
110 56
199 82
75 151
6 26
196 165
14 131
142 104
118 95
166 132
146 152
16 123
143 46
114 47
168 136
187 114
18 184
22 41
70 7
34 34
131 136
185 72
171 96
20 31
181 48
102 38
84 199
172 119
141 176
58 145
184 170
25 127
197 39
86 88
50 45
134 197
109 58
191 100
88 15
4 59
66 73
148 122
125 67
33 197
40 172
25 135
18 127
84 130
129 64
121 184
177 116
178 114
119 74
35 106
164 100
5 109
161 112
54 89
62 94
63 129
72 46
178 118
133 183
134 31
143 50
11 75
83 19
162 77
6 56
198 22
26 32
78 138
147 25
76 54
156 103
184 23
89 30
28 159
132 77
177 3
74 101
110 16
90 114
100 4
75 85
138 98
160 54
158 107
87 119
156 27
157 120
49 199
100 191
144 109
148 56
158 3
55 128
160 1
79 171
186 145
198 77
161 18
27 68
123 68
80 56
91 190
106 191
91 103
130 79
36 86
36 107
99 173
142 149
103 56
12 44
115 33
115 160
145 6
3 18
182 45
93 96
149 80
63 115
56 157
43 116
60 18
134 78
21 120
23 172
77 131
182 176
135 51
166 185
198 161
74 52
84 16
128 85
33 37
174 79
37 21
25 72
6 31
15 66
48 142
118 140
12 149
76 84
118 115
83 34
59 106
57 55
69 106
122 99
13 149
105 136
196 73
90 168
129 65
28 33
174 174
26 163
99 132
19 85
112 153
111 45
47 65
96 175
33 127
71 159
34 171
181 88
94 164
103 56
198 114
74 31
130 171
35 37
4 166
50 84
188 70
162 37
31 74
55 42
170 34
175 152
156 7
58 142
157 199
18 14
19 88
149 135
159 14
48 20
88 117
14 98
105 146
179 129
83 71
49 88
112 12
145 89
95 11
70 163
65 62
193 172
135 62
68 71
131 151
99 187
8 127
30 32
184 86
70 18
79 121
83 81
162 145
167 133
7 89
149 64
179 4
114 6
193 161
45 109
52 101
147 85
91 160
152 30
199 122
174 97
77 199
74 59
197 74
14 185
137 93
109 192
176 173
130 145
18 117
34 14
62 14
96 123
45 111
32 142
96 88
129 19
131 184
168 61
81 147
121 82
39 41
82 188
134 40
177 65
48 182
21 197
139 157
173 38
42 192
91 20
72 53
96 41
18 182
150 90
177 191
14 143
131 47
198 185
22 66
15 74
154 185
12 71
10 80
89 159
172 23
187 71
199 61
148 199
32 61
132 21
113 137
51 25
153 43
167 56
136 40
89 101
169 126
23 36
174 149
136 124
16 123
127 108
193 99
43 47
119 30
68 38
64 107
195 143
189 179
199 126
5 73
49 140
141 166
21 91
37 83
157 138
12 36
63 180
128 178
151 57
131 30
140 63
52 17
108 127
144 91
155 107
16 4
157 101
81 125
80 112
76 55
110 18
170 129
190 111
118 191
119 9
54 16
89 47
88 4
145 33
36 7
171 148
108 22
145 143
113 69
37 101
178 56
62 178
110 163
123 121
125 109
104 174
61 184
165 31
173 127
44 4
74 155
8 185
137 78
175 45
5 156
114 162
5 81
169 87
164 111
191 85
36 56
7 32
172 46
96 65
3 107
72 199
48 141
184 180
98 43
150 28
39 70
33 50
61 124
65 54
37 33
137 75
110 42
116 147
168 151
2 117
174 122
170 129
126 193
125 162
184 63
121 132
176 76
188 134
139 192
156 172
122 120
143 35
19 29
196 189
79 178
47 130
112 123
74 175
197 194
197 79
156 173
189 24
106 13
133 38
196 126
90 115
169 173
87 16
115 171
22 117
158 44
126 7
56 127
172 171
74 125
123 56
99 143
39 76
147 25
61 33
1 16
153 37
95 182
120 167
27 35
48 13
88 99
174 55
172 141
188 141
177 0
167 17
186 125
41 58
47 141
135 14
56 145
132 31
57 199
140 138
22 75
50 16
42 176
102 108
171 148
197 89
125 192
189 74
181 193
93 136
94 41
21 60
66 105
85 141
115 115
186 97
19 40
13 141
113 1
198 146
199 62
38 114
21 52
65 17
57 96
39 190
170 198
111 192
47 0
113 34
3 83
56 193
138 23
175 29
117 120
42 165
143 116
170 6
83 131
65 71
159 143
82 44
41 68
73 93
19 88
170 20
175 147
158 172
139 163
127 28
147 199
132 160
92 72
174 67
165 174
58 43
190 97
96 86
75 65
83 117
152 29
84 137
73 194
17 66
146 144
150 83
31 128
92 29
181 194
90 107
136 144
150 26
45 6
191 140
82 7
51 197
51 143
138 143
23 81
59 89
6 139
144 50
109 11
24 77
31 70
107 16
19 132
170 78
101 30
64 187
59 119
103 135
180 187
183 145
11 45
157 152
0 181
93 67
63 67
194 124
29 117
86 120
69 157
192 135
119 11
188 144
52 59
79 149
118 29
166 42
34 129
182 13
72 170
10 67
25 55
90 76
182 15
35 19
38 145
54 196
16 154
75 4
50 57
123 126
95 90
163 116
59 50
19 5
75 85
98 154
29 122
191 2
81 164
94 61
82 189
188 9
131 23
50 59
174 181
36 80
80 1
69 109
53 125
148 193
32 185
181 34
34 0
68 21
104 72
178 22
27 25
6 172
39 192
25 128
25 49
131 134
71 99
167 93
180 70
112 189
110 64
149 5
53 80
74 77
41 172
155 51
106 63
104 111
105 92
36 171
53 92
87 161
4 41
89 125
64 139
126 65
184 94
76 123
153 178
92 47
119 184
41 181
29 123
105 163
185 162
190 132
128 102
157 34
26 28
54 117
179 108
24 120
64 173
190 128
48 67
126 138
1 132
48 81
33 71
118 96
89 193
72 142
21 43
55 76
44 153
193 2
24 70
77 174
163 122
123 58
41 185
59 65
62 126
55 142
24 185
44 31
88 172
48 183
11 185
169 138
179 121
184 22
102 22
62 156
117 43
58 53
135 135
65 93
41 198
76 72
124 94
41 181
152 23
11 171
123 181
100 88
23 116
72 49
30 78
141 50
68 193
34 24
190 90
139 27
89 89
111 14
147 174
195 86
13 21
35 165
122 99
134 154
59 179
193 120
22 180
40 127
98 85
154 144
128 199
32 157
134 25
123 106
194 83
152 129
157 152
186 179
33 141
40 44
38 157
142 118
135 138
45 187
71 78
123 32
126 123
47 190
13 157
179 14
116 85
57 128
19 186
130 192
9 120
61 106
35 18
35 92
144 171
111 125
67 54
130 87
111 185
59 73
81 38
3 145
53 103
117 42
107 37
151 66
134 121
115 164
160 179
18 75
87 3
187 168
130 112
124 38
31 132
178 188
150 49
49 165
108 173
174 19
133 117
3 38
121 100
168 22
79 53
144 44
95 129
11 126
76 195
5 98
142 159
79 175
72 16
154 57
87 179
139 126
109 151
70 186
199 60
194 85
198 165
20 117
114 86
0 171
122 146
7 57
187 149
73 169
51 66
42 194
37 10
45 22
48 178
67 78
16 164
77 83
181 99
11 73
196 115
102 144
9 121
43 154
126 43
87 103
167 156
161 66
116 15
165 46
171 148
81 107
125 85
127 118
27 125
25 57
25 138
99 144
174 39
43 37
40 190
60 87
117 197
121 58
115 31
41 118
74 69
95 42
4 77
129 4
11 75
17 38
54 182
177 198
188 99
1 188
129 89
165 103
98 60
38 46
0 102
25 138
3 4
165 123
48 19
147 117
190 24
141 65
62 0
55 45
108 34
106 130
13 168
56 94
186 78
123 89
147 42
84 109
132 101
135 31
110 80
192 124
10 186
131 70
115 184
28 144
185 110
111 5
85 163
127 113
134 46
199 96
51 79
69 70
144 179
129 126
102 115
125 11
190 46
22 66
30 141
183 195
109 190
111 115
109 185
90 178
45 118
102 190
109 49
130 119
142 60
114 116
43 44
84 135
196 26
149 167
20 5
75 155
172 194
1 3
105 28
26 135
178 74
197 27
40 180
47 100
44 167
166 169
109 128
180 10
11 15
97 8
146 118
196 107
192 52
150 129
62 93
168 10
194 122
34 165
195 41
115 48
74 113
100 110
74 82
179 175
162 99
199 87
13 26
155 196
159 7
56 199
27 173
94 154
186 13
186 197
169 135
199 60
28 6
106 67
163 77
161 66
26 157
149 124
83 90
151 158
17 14
47 53
188 28
173 142
169 176
40 76
116 189
95 184
164 2
190 183
180 14
101 33
34 12
132 189
82 153
133 105
8 132
116 49
165 129
35 97
127 115
61 193
103 33
32 4
53 26
152 56
78 162
143 37
123 137
50 138
28 171
0 47
148 99
69 103
191 77
102 23
59 16
95 25
130 97
136 0
61 108
11 22
57 43
124 106
118 180
22 145
83 141
155 28
183 183
52 145
123 64
194 172
167 155
85 123
106 107
169 30
12 57
22 137
140 44
2 141
101 23
26 35
172 165
6 92
125 156
0 193
35 175
187 139
27 114
101 155
82 43
148 32
154 124
48 112
171 159
173 121
196 192
2 142
46 174
26 193
137 166
35 173
193 38
191 39
179 85
43 99
27 193
51 130
162 30
28 30
156 151
187 133
22 192
51 90
146 69
57 158
197 44
24 47
129 15
41 68
5 25
56 49
86 62
135 123
184 136
0 176
87 93
76 195
186 166
138 53
39 191
93 168
9 31
16 89
27 145
146 131
36 156
110 188
190 118
192 118
112 117
86 153
83 137
112 124
72 138
166 82
188 125
174 51
13 91
92 1
121 3
77 68
64 118
171 100
137 125
143 178
56 139
177 41
181 194
101 118
100 37
125 113
135 148
117 127
185 31
131 17
22 117
45 159
163 43
166 66
168 50
20 138
105 102
10 194
71 24
193 37
102 129
41 121
15 85
90 115
122 167
80 183
160 40
182 30
39 184
24 191
71 152
32 164
82 115
61 127
107 136
86 159
167 57
18 74
188 72
128 181
173 148
197 89
20 196
14 115
117 76
151 198
193 36
6 92
47 156
173 40
73 34
114 190
44 32
138 125
126 64
192 146
113 151
19 54
186 174
191 82
79 132
167 112
38 134
187 163
193 192
53 91
99 45
124 99
146 59
154 170
151 122
7 40
154 184
105 72
27 73
159 57
7 80
4 149
68 182
157 68
145 5
1 91
82 31
150 49
151 8
47 108
106 190
128 16
79 94
178 79
160 174
125 3
134 90
107 103
172 59
21 77
188 152
3 177
167 39
11 191
141 103
160 52
129 196
19 147
39 62
146 3
5 152
13 37
122 145
60 56
82 126
22 35
111 12
188 70
132 123
168 22
189 132
89 24
141 190
111 144
139 97
172 56
138 51
0 0
113 7
95 52
156 91
199 164
26 188
10 140
20 91
23 17
115 170
107 9
65 14
82 25
145 154
182 1
11 39
139 108
133 86
177 63
166 14
68 57
15 7
35 108
35 98
34 54
92 174
75 107
103 100
94 134
166 148
181 97
129 180
106 187
101 134
4 10
195 180
148 16
183 193
174 110
0 116
20 145
89 103
112 50
143 107
94 16
5 119
129 16
68 87
95 27
140 89
197 57
42 6
84 37
157 59
111 13
160 20
87 87
104 86
159 13
168 108
188 142
136 158
41 10
78 116
182 154
81 5
171 57
189 15
152 112
54 90
139 196
198 26
145 184
18 176
195 74
122 81
9 20
37 44
129 119
133 88
180 179
156 90
46 35
41 23
85 50
192 46
127 6
171 181
62 33
24 33
17 38
143 30
135 153
194 76
77 124
64 61
5 29
105 175
108 64
149 147
197 5
66 194
5 43
36 47
90 27
35 68
74 168
101 173
90 8
75 187
135 78
96 158
74 142
1 82
1 98
39 8
34 108
168 32
30 164
197 86
154 78
79 121
37 161
23 125
72 90
58 84
76 67
36 65
162 112
53 30
50 55
23 82
146 128
100 12
149 134
19 103
35 4
28 134
6 69
166 158
138 71
87 37
105 146
12 45
191 81
121 197
123 92
180 13
30 146
98 155
33 103
59 151
139 20
72 74
92 44
59 131
39 73
16 12
116 29
73 12
36 78
120 49
179 125
142 8
7 26
82 193
151 95
16 62
79 79
186 138
30 18
37 70
168 72
10 101
53 46
51 50
106 169
81 54
11 110
144 111
18 71
191 6
74 190
99 30
92 119
185 144
64 53
39 175
128 129
193 148
91 89
58 175
102 94
128 195
5 26
31 86
53 9
88 135
8 87
65 183
70 30
83 88
131 91
168 198
34 31
154 178
111 190
163 198
175 18
167 79
65 174
56 129
148 49
109 192
177 190
143 26
67 159
109 20
189 0
121 93
166 11
117 9
13 181
40 96
90 49
186 142
93 58
140 127
150 42
171 32
143 166
69 9
48 104
116 85
125 62
191 95
44 154
110 22
167 165
3 74
26 104
49 98
41 148
1 48
167 116
167 46
52 57
4 146
182 11
81 28
110 86
9 154
28 111
125 173
96 104
165 111
166 35
120 114
131 40
178 49
143 168
193 35
29 72
98 159
127 179
8 11
171 18
148 30
34 99
101 94
133 47
53 4
25 167
38 98
193 65
26 87
83 58
83 138
153 8
4 61
139 15
134 59
124 11
69 3
128 97
0 107
71 12
24 71
124 155
0 103
89 151
151 11
184 87
152 61
122 43
153 45
103 159
118 20
139 6
74 89
68 12
109 38
143 95
118 2
160 29
92 156
190 86
33 80
137 180
160 4
29 42
0 7
103 60
157 79
40 193
130 148
143 186
142 148
12 109
172 124
137 53
56 31
173 44
174 173
133 124
192 192
117 136
25 125
108 10
138 198
111 174
142 172
78 71
38 153
18 77
33 18
148 66
66 94
50 121
99 115
91 133
113 32
9 197
53 19
194 96
167 102
34 56
101 170
131 84
138 96
78 63
85 25
171 187
125 144
80 22
175 66
94 52
45 196
74 59
9 171
33 37
136 57
31 87
3 27
20 23
186 2
57 87
42 139
57 27
72 121
49 168
50 106
1 141
75 87
50 128
96 106
74 189
108 73
192 89
149 38
56 194
32 53
95 174
152 48
98 115
118 125
165 34
124 31
184 10
133 172
0 189
72 103
169 31
61 100
98 42
19 140
89 106
62 129
118 94
74 42
87 2
118 12
181 59
197 136
177 90
170 83
35 122
25 37
80 67
194 45
10 40
118 33
82 83
121 61
180 17
21 124
159 94
118 128
5 113
9 169
5 191
139 15
47 184
137 82
108 168
37 53
134 150
27 0
75 58
141 176
103 40
124 110
133 167
121 1
34 184
140 151
191 67
180 136
180 126
111 79
67 138
32 192
16 117
149 128
40 68
86 174
53 151
170 138
174 27
2 198
47 6
52 157
197 161
3 190
102 2
199 138
197 94
17 158
97 117
120 82
5 151
64 53
56 95
187 18
58 126
82 75
113 60
171 59
113 1
168 181
164 47
15 75
107 134
113 139
134 91
65 163
103 16
128 192
86 117
109 100
132 111
18 127
136 143
195 152
195 83
127 198
8 161
98 131
141 33
103 2
59 53
108 160
44 88
145 34
12 95
40 99
73 134
15 114
109 172
153 26
18 154
194 27
22 29
148 104
145 179
31 83
78 29
185 116
158 77
180 9
124 38
43 154
21 164
90 137
13 104
158 14
59 119
148 42
133 177
123 41
104 51
15 54
29 183
118 91
179 32
70 187
127 90
185 93
199 156
128 199
155 190
86 39
117 189
45 72
154 180
80 88
148 135
69 124
175 35
84 104
179 100
26 180
155 126
183 92
24 69
20 86
109 108
96 87
62 56
107 125
1 123
199 95
20 177
106 58
1 14
25 98
174 184
186 119
199 133
154 51
163 184
134 36
26 98
118 138
8 191
58 147
68 8
29 139
45 98
183 84
34 155
126 5
71 114
172 73
109 1
83 131
30 170
5 55
182 62
135 92
142 32
84 112
86 68
124 86
80 0
15 14
106 3
121 87
52 54
8 119
55 9
3 176
48 53
185 137
39 26
156 185
39 130
25 62
157 191
196 135
134 147
29 24
119 167
117 67
172 114
195 0
100 53
37 15
93 124
197 97
189 98
127 128
137 144
67 185
110 163
112 42
160 108
176 178
108 31
35 87
38 20
145 160
83 74
82 179
22 50
124 41
161 32
185 112
72 71
142 183
81 79
117 163
81 120
20 66
152 58
104 104
71 151
185 158
185 121
126 93
127 72
145 186
39 110
103 94
29 35
163 76
10 63
166 147
175 100
64 108
122 63
146 161
107 25
47 14
142 60
193 190
120 129
136 193
102 184
171 104
70 31
73 56
47 28
171 136
112 67
135 136
199 33
22 140
170 194
199 28
64 126
185 62
57 28
2 64
25 81
77 135
34 28
181 170
95 185
155 50
134 96
23 128
162 100
161 173
8 128
68 72
101 103
108 44
77 126
109 84
4 174
75 11
48 86
46 171
86 144
193 138
143 193
181 9
120 136
57 57
143 35
106 144
82 62
159 27
74 168
142 180
79 32
138 73
175 86
92 186
127 103
128 186
62 178
181 133
182 184
14 153
127 69
150 186
37 112
113 5
24 130
168 72
125 64
98 197
57 15
140 4
172 120
111 42
161 34
99 11
5 88
189 49
30 162
77 126
192 179
70 1
50 44
121 82
75 131
65 92
149 136
110 186
91 188
5 78
152 138
52 133
44 183
3 14
125 14
100 117
31 175
64 54
108 119
28 130
22 182
33 170
123 183
99 101
61 97
165 73
64 114
158 78
158 44
122 54
165 48
116 146
120 147
161 157
199 163
67 136
74 110
10 106
148 161
71 110
90 190
118 11
36 68
100 121
134 105
193 91
144 12
108 144
191 199
15 67
172 61
47 24
127 33
17 155
139 141
106 154
119 100
88 42
48 70
36 192
185 176
17 79
37 46
65 28
129 40
46 196
156 149
84 177
48 98
191 69
193 2
89 160
136 18
76 103
5 39
61 34
141 166
39 66
39 96
137 90
33 43
75 180
166 80
32 37
161 107
117 140
59 19
117 10
186 68
199 140
171 153
117 163
153 167
14 78
144 25
159 44
99 59
198 61
105 112
163 24
122 51
129 131
156 59
57 16
147 13
133 183
196 48
8 49
139 152
56 47
68 120
113 175
61 147
169 81
194 44
190 7
148 29
183 169
126 171
25 29
178 148
151 190
57 54
111 9
11 185
109 53
17 64
62 195
51 196
86 1
74 93
187 93
121 23
30 158
14 20
29 74
137 178
78 82
36 195
96 146
172 62
175 11
135 138
101 67
166 160
142 40
79 100
130 108
16 108
35 6
97 106
171 171
10 43
113 22
34 79
148 166
86 186
7 31
33 40
137 155
116 116
74 51
178 25
150 129
98 70
87 153
144 59
34 96
162 65
57 40
13 140
71 40
84 172
53 36
172 6
151 156
53 186
190 112
149 96
47 75
169 191
14 75
95 193
74 152
136 151
166 62
8 176
197 112
194 186
7 5
64 159
154 94
69 104
21 56
67 74
71 161
49 127
140 58
72 104
96 49
157 107
93 185
101 30
170 149
99 9
74 196
26 68
33 69
47 50
44 154
11 48
135 144
73 171
110 126
186 117
149 52
161 79
175 88
49 151
53 133
95 134
183 33
163 62
191 134
109 140
187 119
21 133
117 145
117 161
68 7
143 28
65 144
25 119
111 81
46 29
106 60
164 49
155 196
137 92
23 31
125 121
160 10
110 196
4 70
11 105
63 109
138 1
104 4
194 112
84 190
41 196
174 113
189 196
106 37
61 176
170 121
170 137
4 130
43 111
3 184
167 90
130 61
53 119
156 110
155 36
69 169
29 155
18 73
5 176
79 85
153 131
145 178
64 127
53 54
126 52
57 39
116 107
103 24
13 176
191 178
87 42
73 111
168 30
32 13
126 155
82 99
129 135
76 108
178 186
62 140
72 169
53 89
130 36
41 194
47 103
148 75
122 131
109 107
100 83
37 178
92 10
158 83
12 166
28 9
29 43
24 155
33 160
64 170
73 170
73 36
177 88
80 1
166 83
97 159
144 172
115 101
60 52
184 129
6 187
165 67
175 89
121 67
40 80
149 147
173 92
5 126
85 195
136 9
150 175
113 38
114 109
156 94
77 96
17 12
90 125
151 155
166 189
48 192
5 0
168 31
25 160
102 120
113 171
74 198
123 128
53 79
48 103
124 108
23 128
86 88
83 129
168 45
37 24
77 123
146 2
135 94
19 21
111 8
130 160
26 133
34 151
65 197
149 115
174 155
75 168
132 176
29 100
146 38
138 50
37 182
105 21
41 152
91 46
197 181
36 148
171 19
174 155
187 9
13 25
116 65
121 180
155 160
192 131
46 80
86 70
190 28
177 171
62 174
188 151
30 175
114 178
150 31
5 152
36 186
159 173
70 90
58 176
124 30
91 125
2 147
82 124
34 191
49 37
161 31
94 35
162 3
25 19
185 58
8 119
157 86
40 114
105 84
26 79
179 58
124 105
97 152
108 50
168 146
61 83
172 94
138 77
41 47
116 67
183 113
135 187
69 121
86 198
23 88
110 127
117 132
191 99
58 156
23 34
77 168
105 96
168 1
35 15
7 3
81 8
158 195
167 34
95 32
23 64
156 87
93 75
182 176
74 124
99 36
12 165
176 68
99 85
31 54
10 28
58 14
103 83
66 112
119 48
14 113
51 106
93 36
60 166
141 97
25 34
81 57
129 164
194 174
102 23
132 30
146 0
34 60
79 86
186 32
98 198
113 122
119 157
41 44
68 183
15 39
48 35
70 166
63 180
117 86
54 167
160 44
133 191
69 44
55 0
64 166
86 29
13 153
106 9
17 171
176 59
104 197
198 105
5 64
117 102
44 37
176 101
7 124
185 144
38 32
65 178
69 67
129 121
65 157
137 150
13 195
168 86
181 55
114 66
47 152
129 118
13 133
150 91
15 181
136 189
145 168
55 114
186 161
181 23
169 115
148 19
101 154
31 180
147 37
118 149
97 181
187 79
109 173
18 174
134 12
168 65
23 31
72 84
2 9
102 132
157 175
111 175
104 97
165 11
187 68
89 107
66 189
52 114
62 125
127 60
119 171
174 156
40 10
163 136
31 146
29 102
30 66
121 24
145 89
80 34
168 148
115 179
91 95
42 188
175 80
40 4
11 4
133 126
10 32
180 85
82 40
8 170
122 72
112 96
10 119
147 86
24 109
47 93
83 175
150 151
168 196
33 38
8 103
78 115
47 44
119 196
27 140
184 129
192 24
160 10
20 38
157 60
189 34
93 44
170 196
142 121
0 162
128 75
120 89
123 68
35 98
3 113
130 22
178 135
182 120
127 24
122 54
31 83
17 40
23 122
33 165
110 21
69 122
113 106
9 195
157 55
161 16
162 58
157 146
47 23
145 72
32 82
147 146
107 170
174 157
32 115
123 110
144 73
180 9
17 13
127 126
157 114
152 116
140 58
43 118
88 15
112 174
21 95
35 114
9 31
148 165
101 20
99 199
187 128
125 27
120 51
14 132
190 127
134 121
78 112
131 66
60 119
139 126
46 120
82 109
54 166
180 105
35 61
147 61
57 119
167 94
84 185
174 2
106 133
17 93
151 146
169 153
166 140
61 93
165 115
178 140
43 99
117 91
93 174
102 11
139 11
27 141
161 39
179 50
157 129
155 132
58 46
129 0
181 117
190 147
68 11
112 175
193 166
168 35
89 30
123 170
125 77
16 81
141 29
137 87
175 112
21 6
15 92
180 174
3 31
102 73
48 187
148 72
115 85
195 199
15 126
5 78
170 147
39 126
32 162
45 72
167 100
76 149
116 26
66 22
166 41
155 193
44 99
160 39
90 53
153 0
139 54
168 112
94 137
6 129
23 197
138 40
85 103
155 15
7 40
20 135
107 105
124 31
158 11
165 195
89 55
41 45
108 174
30 44
93 2
135 1
93 31
88 133
60 41
67 96
59 161
73 161
47 115
164 90
12 192
184 98
120 62
12 38
92 82
118 49
25 76
4 72
3 113
174 30
157 34
60 109
158 82
111 170
3 145
174 153
162 6
161 63
136 146
65 95
113 110
162 184
55 116
85 156
153 83
106 167
196 103
23 148
129 33
3 175
185 69
126 195
32 94
52 186
73 143
159 41
129 6
131 94
18 122
145 125
81 22
113 49
16 1
73 103
73 22
27 130
44 153
135 173
51 116
0 13
93 90
170 144
21 3
71 92
46 24
113 149
160 118
42 168
131 36
52 17
41 138
158 56
71 164
35 127
56 168
56 108
159 33
118 42
114 190
63 41
148 137
152 112
103 132
55 97
190 90
23 103
118 8
6 146
110 181
158 26
155 151
43 148
185 115
56 157
75 122
166 103
95 162
111 122
176 58
92 0
49 88
94 49
175 32
41 195
171 49
26 145
55 149
184 120
24 7
17 92
58 17
94 165
182 177
76 47
121 191
113 21
93 41
99 177
165 35
111 180
18 56
36 53
15 176
187 96
10 84
41 115
111 144
29 53
21 173
122 171
12 15
190 52
46 29
12 26
119 34
15 83
19 33
148 19
132 47
111 134
58 147
79 28
1 195
172 86
16 10
120 120
58 72
3 127
193 74
20 120
115 186
111 117
144 98
146 126
51 132
128 172
166 36
162 10
66 5
112 100
11 141
165 139
14 31
87 77
195 151
99 110
9 186
174 123
33 92
193 128
198 78
97 66
12 124
68 146
98 124
12 47
193 88
75 18
117 145
98 47
164 55
108 128
198 40
70 80
65 46
127 99
181 96
140 71
101 177
83 62
178 93
133 39
126 199
90 114
89 3
105 146
100 75
150 2
1 167
184 31
21 196
59 187
184 113
10 120
189 96
83 96
121 70
37 178
184 60
192 40
74 105
181 89
159 113
65 191
162 129
23 20
155 24
71 177
76 56
91 89
10 13
54 26
111 49
161 109
32 187
168 182
192 164
6 155
97 196
18 64
192 90
193 85
15 160
29 190
126 136
121 199
101 150
71 64
49 53
29 141
67 77
20 192
136 82
188 158
160 1
107 185
133 101
88 126
32 158
130 58
65 141
49 184
180 104
32 69
101 33
160 152
181 178
27 89
143 101
141 22
66 135
23 117
139 138
24 86
108 73
99 158
67 72
16 64
89 45
15 56
129 171
26 143
191 153
164 90
111 161
198 174
25 48
63 147
36 74
141 54
81 75
93 68
27 169
168 11
16 41
67 199
149 50
180 99
114 184
122 41
137 20
119 32
100 150
100 137
136 16
157 169
64 64
143 157
6 72
104 56
107 73
78 171
44 167
137 138
109 107
143 29
11 36
111 13
175 1
142 36
7 193
168 110
106 53
3 11
131 190
167 93
60 61
183 133
52 24
17 21
33 62
98 89
188 7
46 50
24 78
110 186
72 104
177 45
161 68
197 155
35 105
56 41
118 105
153 2
55 121
113 87
46 177
36 135
60 190
42 8
183 61
162 158
184 11
134 91
67 176
44 122
60 148
105 120
143 125
145 23
193 33
73 67
30 150
175 56
133 148
39 187
65 61
34 197
99 14
158 156
168 59
52 134
53 69
104 192
72 132
2 164
65 33
54 114
116 169
144 82
101 170
187 115
25 100
155 12
103 105
164 82
158 0
1 87
108 52
150 193
158 154
198 42
102 31
58 125
43 159
22 144
147 164
72 102
26 78
118 47
86 93
76 176
1 114
165 96
47 166
60 199
127 95
139 197
32 137
12 82
71 115
172 108
154 183
185 40
91 106
110 155
129 103
35 106
139 177
62 107
91 139
41 126
55 88
172 55
122 119
43 69
77 124
79 112
80 85
65 116
140 103
196 25
106 129
61 133
167 161
101 19
40 63
119 37
58 157
175 75
53 142
43 81
4 50
198 119
101 192
119 196
173 23
170 168
154 173
114 133
176 129
142 55
45 120
38 36
117 167
143 187
54 171
148 105
16 24
133 197
152 166
112 74
158 116
155 141
110 176
188 18
86 162
150 166
89 136
165 166
55 37
189 198
85 154
175 159
179 52
82 115
157 30
196 18
97 196
168 32
115 7
159 44
45 109
61 8
24 128
50 49
80 99
171 23
148 2
168 194
110 71
142 163
130 115
46 111
132 80
44 190
121 45
7 106
6 82
55 119
161 163
122 76
7 175
103 125
40 196
115 159
40 107
88 53
37 189
11 60
35 130
96 103
129 148
76 139
79 125
186 115
178 184
54 193
51 101
41 103
180 2
99 151
77 145
191 42
58 22
34 63
142 161
124 25
192 48
28 106
43 119
148 14
122 169
108 88
29 25
86 115
164 25
148 117
101 97
15 75
173 80
124 11
22 118
139 168
22 135
57 22
161 111
85 46
190 143
15 63
54 120
10 69
134 140
41 116
150 108
9 196
125 191
148 128
56 3
30 104
61 190
180 18
155 123
194 28
173 191
112 46
186 100
91 188
19 12
87 135
38 125
95 93
142 153
153 140
149 28
4 113
183 176
48 122
63 94
60 1
67 9
172 83
182 40
155 27
16 51
56 120
112 97
2 145
18 75
24 155
43 26
94 185
13 110
15 55
75 17
184 130
59 167
117 162
137 125
93 95
139 199
27 107
132 53
186 172
189 15
84 131
48 22
85 196
74 73
82 21
63 111
114 10
109 182
21 108
62 163
160 199
74 6
112 196
170 143
161 175
30 178
40 40
128 80
41 51
73 118
99 142
5 121
50 65
104 187
58 123
100 179
68 187
49 98
5 36
42 58
83 117
8 22
82 155
70 181
141 165
143 155
13 16
49 32
94 7
195 161
84 186
90 35
84 38
137 80
165 194
110 181
115 10
51 74
117 158
93 151
14 71
71 89
62 76
145 80
118 98
135 152
46 51
1 127
136 40
64 103
61 120
27 186
198 139
95 96
54 56
147 83
85 167
124 189
31 80
187 65
182 166
191 83
34 138
165 181
71 139
10 134
60 196
37 172
128 27
79 187
114 111
158 103
8 198
141 139
173 58
118 149
56 191
77 56
15 60
78 132
63 67
48 79
146 128
91 0
151 162
142 101
88 54
72 27
181 20
3 199
79 52
29 190
134 189
91 133
107 193
28 164
33 71
79 181
143 5
136 135
93 88
79 76
51 17
56 113
154 191
27 98
162 187
63 114
164 147
90 38
157 160
165 140
12 179
57 152
100 186
45 170
186 102
46 101
44 169
171 182
113 92
80 98
99 139
144 130
36 157
124 151
37 13
163 156
123 121
10 98
138 102
192 45
53 156
179 154
48 145
160 96
72 112
20 105
117 168
149 64
44 84
94 22
142 55
152 27
181 162
65 68
174 107
24 102
164 165
20 32
8 99
19 2
148 100
183 123
146 34
196 120
112 197
84 103
126 172
129 30
59 131
125 17
44 140
79 106
53 97
52 16
25 26
106 69
154 25
17 162
131 152
187 42
18 42
160 17
44 37
125 52
124 17
80 71
126 177
79 138
61 95
123 174
117 72
173 128
149 141
93 132
152 22
65 23
163 96
132 3
115 106
24 86
77 157
160 64
177 158
112 27
158 62
88 93
14 186
86 21
112 38
34 63
73 173
123 149
109 160
107 168
21 1
7 196
7 113
30 45
161 32
21 177
164 121
145 195
67 108
57 162
166 159
162 86
171 11
14 116
72 124
24 179
147 179
115 178
75 42
114 166
24 46
165 109
2 175
25 145
169 68
83 185
116 173
196 63
23 14
171 176
184 100
161 35
37 189
104 7
84 11
16 6
68 152
173 101
56 91
2 105
104 36
58 9
159 40
148 82
21 79
79 42
60 114
52 185
80 48
169 80
109 56
66 39
25 52
144 144
6 193
69 137
71 44
71 192
11 164
141 70
133 179
122 149
179 89
88 190
158 5
50 191
22 122
15 175
133 199
196 91
191 176
31 182
7 15
72 105
176 199
106 7
104 177
161 190
65 68
45 110
188 51
165 136
194 96
104 22
145 62
85 53
135 33
193 198
6 37
17 81
62 86
36 183
186 128
186 113
10 159
108 192
164 123
64 77
67 195
97 34
110 45
99 14
78 40
85 102
6 2
155 157
103 176
123 148
131 147
78 39
184 45
184 64
78 33
95 159
88 99
62 58
173 107
181 9
17 77
63 150
90 182
33 30
63 104
167 36
87 176
90 50
133 164
53 12
191 28
131 70
94 187
172 157
138 112
148 149
135 192
183 15
163 178
93 198
7 107
194 9
123 159
96 198
43 152
46 123
88 29
160 197
19 136
179 16
120 122
105 31
18 139
73 7
128 39
106 8
122 165
30 8
30 95
114 38
22 165
92 77
184 17
1 145
37 114
128 10
77 35
62 49
153 195
107 109
108 83
153 92
101 39
36 60
62 140
26 115
19 176
94 129
72 4
156 51
88 196
42 166
125 163
173 26
47 100
36 75
105 185
29 41
37 103
197 184
48 109
199 165
36 99
176 63
105 131
104 103
2 72
31 169
4 59
168 19
112 160
69 156
140 35
115 147
29 17
123 147
86 85
144 162
89 10
9 174
147 72
10 42
81 12
135 47
6 106
168 69
138 139
53 184
181 111
89 5
44 73
198 81
83 4
120 45
68 173
90 24
115 65
143 128
166 153
133 118
192 140
118 20
159 37
26 13
85 147
26 96
53 161
192 161
178 91
91 40
53 19
109 102
110 16
39 93
107 166
3 135
17 70
90 155
90 94
147 65
163 46
130 95
81 75
16 68
78 189
145 199
48 97
80 44
37 138
86 68
93 22
64 93
7 125
20 92
1 168
148 71
27 135
70 96
138 117
27 114
50 70
41 120
163 160
4 88
16 188
107 107
37 74
11 72
186 6
94 5
70 30
185 132
85 108
140 169
67 187
166 66
179 148
75 33
106 40
161 62
191 153
59 57
65 114
190 28
89 25
22 99
112 163
4 18
158 78
138 28
44 95
28 24
173 16
172 115
50 150
105 144
14 176
140 112
71 176
168 73
75 164
176 42
127 101
138 12
73 128
4 63
105 180
43 168
82 70
76 18
164 114
7 167
77 123
51 67
16 175
171 101
77 160
22 65
159 94
31 162
73 2
164 18
126 96
6 178
171 61
168 87
105 109
169 192
182 153
135 133
123 176
175 49
4 175
42 65
119 33
141 17
129 37
121 79
119 2
150 73
73 167
134 101
179 117
121 108
150 100
102 3
90 133
96 89
65 177
1 179
121 133
150 141
119 3
80 142
109 140
94 131
118 145
154 86
158 71
28 161
147 126
5 120
166 127
127 148
51 83
86 143
95 195
25 148
170 1
26 92
141 139
106 3
168 59
65 39
82 80
159 52
22 124
106 137
136 7
158 42
21 57
39 38
98 0
76 167
15 55
58 76
185 16
188 104
116 91
83 188
96 117
161 120
7 63
158 16
48 155
63 129
146 26
8 139
189 180
98 183
46 92
151 22
34 73
0 192
45 139
118 182
94 65
50 59
4 39
142 129
8 33
35 90
177 41
78 173
32 135
60 111
163 26
113 187
109 119
194 23
150 161
175 45
46 152
133 184
35 63
50 2
2 81
65 70
82 183
84 105
20 185
41 197
73 64
52 162
168 48
22 50
57 133
132 54
54 199
61 15
109 26
88 95
71 3
54 63
114 24
171 102
18 100
161 25
123 132
29 37
88 106
112 5
62 48
140 15
2 77
83 101
131 174
32 121
117 94
191 67
15 127
8 29
179 159
12 143
16 25
93 143
50 51
2 103
41 40
39 188
119 162
153 81
7 27
192 148
8 110
77 110
133 80
114 37
17 38
135 37
25 194
136 153
126 63
111 3
171 43
97 43
192 59
78 128
136 136
64 128
96 19
53 62
4 110
55 11
130 62
65 167
45 186
100 120
131 54
110 139
28 4
138 141
5 167
188 195
185 69
188 179
189 107
69 25
96 43
96 32
17 171
139 42
5 151
108 190
133 162
159 125
120 66
159 19
178 26
51 52
171 0
144 166
80 23
55 86
161 89
116 173
78 168
30 29
92 191
75 60
146 83
193 57
91 95
27 171
47 49
67 134
62 32
59 118
33 0
71 55
131 183
86 33
138 113
70 182
43 152
127 96
79 7
193 127
46 39
134 102
132 151
129 122
119 135
33 134
29 124
97 130
169 99
160 32
161 9
161 152
154 198
124 154
152 109
82 0
179 163
155 125
50 73
38 7
145 156
148 36
117 26
78 96
0 118
94 14
166 30
47 159
181 10
107 86
32 132
165 0
70 2
59 36
182 163
14 94
171 52
55 98
93 56
193 29
182 112
28 111
124 178
156 189
7 114
107 128
8 188
155 111
184 118
13 195
6 31
158 38
172 141
54 173
145 179
152 35
61 10
147 156
104 90
154 107
96 97
85 59
143 72
13 173
145 120
72 0
183 25
49 104
97 54
88 21
103 59
149 15
117 77
49 80
65 90
180 118
27 54
8 45
100 196
109 0
0 20
48 188
0 67
66 78
165 117
40 137
55 28
79 14
102 147
150 141
14 72
2 86
138 164
108 20
12 3
35 63
16 159
189 64
187 52
149 77
130 179
75 74
71 123
133 73
24 24
141 180
104 155
62 106
181 55
196 84
166 41
97 84
23 32
195 122
166 13
20 17
95 60
83 78
119 115
68 67
11 98
124 76
130 159
146 71
45 14
41 77
193 198
197 145
16 133
81 129
102 172
140 175
5 191
194 172
187 35
99 136
21 106
52 141
180 160
130 19
187 71
116 150
100 194
104 35
105 1
10 37
3 174
42 61
67 141
55 142
45 38
72 142
132 33
184 170
49 68
106 149
8 131
81 166
137 0
156 85
137 24
36 130
187 27
13 102
168 140
39 33
108 19
142 199
23 81
92 54
159 114
141 157
151 157
24 198
135 184
19 116
140 153
44 105
106 11
7 60
193 151
183 107
76 11
177 152
95 33
121 148
77 4
142 85
52 155
12 138
61 116
32 63
185 101
12 23
89 121
185 87
74 120
135 74
116 60
81 155
160 47
189 13
78 126
147 142
86 83
164 66
164 198
65 153
131 158
192 186
86 41
170 107
5 34
61 81
50 153
55 116
181 43
184 54
26 181
21 24
162 54
9 175
46 4
177 174
58 106
24 127
179 42
36 88
36 33
16 37
188 150
46 150
37 7
146 15
102 184
144 132
23 172
103 163
148 151
107 100
26 80
81 101
93 152
59 24
180 150
87 74
189 82
182 179
51 37
85 145
35 1
187 26
43 29
146 20
38 128
121 172
149 142
134 30
133 181
35 188
129 0
72 55
6 75
32 59
91 79
13 64
139 174
115 64
70 45
96 139
104 46
126 179
54 47
42 93
149 140
118 8
149 96
43 71
22 134
120 45
76 26
180 48
1 8
95 14
41 86
118 185
24 170
194 89
79 173
112 41
116 174
35 147
85 157
109 13
198 134
186 189
148 43
27 142
67 63
105 82
106 103
79 168
128 74
73 111
11 156
108 2
23 1
165 31
26 161
189 56
26 182
28 2
15 37
188 145
68 35
68 186
131 125
101 59
88 124
137 81
60 26
104 53
124 125
164 4
46 9
47 120
87 113
151 194
90 26
114 61
153 101
150 170
48 39
176 160
27 18
63 152
164 65
117 78
91 171
79 156
3 27
131 128
16 149
193 54
178 34
162 199
95 36
148 67
134 199
190 67
80 162
31 25
121 168
118 158
39 151
98 43
90 106
24 106
118 178
81 163
96 82
54 0
45 116
112 124
82 81
87 111
16 118
67 199
119 168
89 31
194 176
94 8
17 1
150 134
180 163
150 43
97 126
108 9
129 74
115 75
120 90
165 179
67 139
98 19
145 167
141 78
70 81
129 77
96 129
130 155
169 164
21 104
73 183
51 104
0 166
162 138
129 42
180 65
62 0
9 60
186 98
112 157
102 180
163 164
2 96
148 175
63 193
1 182
80 136
11 119
182 1
147 13
90 134
154 127
164 84
183 144
56 92
152 4
146 143
152 176
199 37
87 58
154 143
90 122
38 125
7 98
184 10
180 152
109 68
10 121
34 83
104 101
176 179
3 154
173 16
139 96
187 102
53 143
29 116
117 193
22 16
22 160
156 146
17 121
14 94
185 21
135 86
190 35
151 42
104 191
18 99
147 178
67 82
102 85
93 10
141 58
50 149
126 147
176 191
84 72
3 196
197 172
173 173
64 197
101 145
180 58
198 54
179 169
166 63
186 56
142 179
160 191
179 27
171 176
108 13
67 6
47 42
119 1
185 32
104 180
154 163
177 12
180 8
19 4
187 48
33 20
106 145
143 159
93 106
10 195
28 51
71 15
138 86
30 81
102 78
23 10
79 197
59 31
152 23
5 184
97 112
135 172
150 8
61 122
22 151
42 15
152 52
170 28
74 124
189 35
102 175
130 106
91 43
11 122
139 64
98 20
66 107
83 175
195 132
4 123
69 132
17 42
193 107
78 10
53 88
160 147
173 6
68 51
179 146
43 139
108 1
187 70
128 48
150 40
56 120
164 94
165 70
146 130
43 173
21 28
199 72
10 147
147 110
62 140
180 155
67 93
162 189
53 26
144 52
134 185
6 171
141 34
163 99
158 131
23 57
35 1
34 28
84 10
65 2
31 84
11 115
60 58
124 13
36 7
86 37
142 74
30 136
32 120
195 113
19 102
158 11
133 27
76 136
119 81
198 66
100 71
121 108
35 154
148 147
38 56
25 153
54 74
67 94
40 158
141 185
94 100
100 56
4 120
77 83
143 146
91 121
143 167
144 43
132 24
54 177
127 83
11 55
166 62
144 101
20 126
177 158
14 141
102 37
122 61
100 133
162 180
0 115
20 80
143 136
199 161
176 61
139 48
183 46
26 190
96 69
52 29
198 35
110 36
126 101
12 13
96 29
123 94
81 98
119 172
120 156
132 120
154 104
145 154
132 122
31 194
75 19
95 48
62 136
59 41
189 158
43 47
147 59
188 139
118 100
81 115
33 26
61 66
191 80
125 196
16 160
192 63
47 187
117 37
84 42
160 17
55 88
113 61
45 57
127 115
179 157
191 117
17 82
139 87
185 21
199 22
138 95
169 131
37 14
83 65
21 68
172 32
4 107
73 9
87 93
52 34
25 154
150 29
88 182
152 140
119 65
53 53
78 96
139 124
127 11
190 65
115 7
2 146
26 43
60 86
122 35
138 180
141 155
108 151
108 127
9 102
24 14
57 149
183 90
88 64
45 51
180 52
40 187
178 11
68 70
36 56
117 131
122 85
193 6
182 151
16 22
191 116
52 86
35 49
156 2
82 65
154 137
190 90
30 17
133 62
26 161
77 29
131 157
133 25
97 60
75 92
80 150
30 129
127 69
28 126
88 71
86 84
99 2
11 141
27 45
172 62
11 145
146 4
73 177
111 3
160 156
97 141
169 143
181 23
74 114
75 195
23 59
177 181
165 36
178 101
45 171
64 37
168 128
178 180
103 104
20 99
60 153
97 61
152 179
8 171
152 153
187 122
101 64
153 135
67 189
190 74
119 17
33 34
106 1
20 152
72 19
115 40
12 91
191 164
93 107
178 92
186 53
82 110
78 73
138 95
189 20
100 46
158 113
7 87
150 13
143 16
102 128
104 181
185 183
98 190
130 132
39 12
163 74
165 194
61 43
26 20
55 89
95 55
0 143
198 146
99 69
81 79
188 135
3 48
0 34
69 37
105 88
94 191
174 158
45 42
52 180
130 86
19 99
69 147
35 177
3 37
84 89
18 176
156 116
179 3
76 157
152 69
83 181
181 118
199 89
16 150
195 109
130 116
196 72
45 184
92 147
103 18
76 16
144 114
181 158
21 8
4 155
177 71
5 44
195 16
180 148
182 115
72 76
173 196
173 162
131 176
3 38
151 164
50 145
49 45
151 49
161 52
58 165
142 96
8 100
57 162
30 9
185 153
148 77
144 192
77 167
142 113
188 20
13 85
132 165
109 164
24 157
74 188
36 186
32 49
140 30
183 20
75 84
159 195
9 95
185 60
100 158
69 92
83 142
13 50
95 86
54 98
3 137
155 41
132 53
24 0
64 142
171 64
88 23
72 91
26 13
120 181
56 49
91 159
140 0
116 127
81 16
1 99
121 142
60 156
53 92
123 166
73 26
2 91
127 36
21 198
16 78
86 124
0 13
107 64
123 52
10 53
18 126
80 90
166 38
121 36
54 107
101 139
125 5
40 119
121 191
7 9
44 20
133 147
30 122
104 64
15 7
195 183
114 108
48 30
117 178
55 132
60 162
141 159
56 53
19 142
94 96
8 148
27 102
94 181
36 139
165 0
49 70
94 101
77 45
4 195
120 20
99 129
78 151
82 96
132 69
38 45
111 60
150 130
64 152
62 177
5 133
100 54
147 69
71 116
23 88
4 75
188 179
106 86
190 73
33 160
2 197
90 20
104 20
168 56
95 153
113 160
154 195
42 72
163 164
92 136
79 149
56 186
159 136
30 194
157 174
41 55
2 139
146 144
198 42
116 189
134 193
140 155
89 102
20 194
26 87
149 63
119 167
118 177
159 93
199 120
85 117
153 28
189 171
67 83
98 0
156 198
25 14
32 151
75 51
180 113
172 83
41 151
107 75
23 80
51 172
70 56
100 192
51 94
164 122
50 186
159 58
113 121
48 63
72 97
168 88
151 174
55 57
26 40
44 122
51 168
40 29
145 150
9 187
99 94
184 163
164 53
124 188
156 130
48 103
0 8
178 199
101 106
28 150
130 84
108 68
163 80
175 164
40 78
16 57
2 179
13 54
159 55
174 12
60 20
2 196
147 191
77 182
1 34
149 49
86 132
54 175
184 84
170 64
49 147
57 72
10 152
87 199
43 76
19 137
109 136
123 47
60 10
57 36
29 72
2 51
106 79
34 76
34 99
138 40
81 106
157 13
88 116
78 187
174 10
63 118
165 128
66 23
163 76
178 183
110 35
21 171
155 144
121 141
159 43
28 35
24 79
80 53
61 26
104 115
69 54
33 184
81 71
186 9
105 19
92 85
90 27
119 78
91 77
51 99
89 17
108 23
74 83
27 20
124 31
148 115
125 62
88 57
160 163
43 120
122 123
156 89
189 30
149 192
27 147
70 113
144 63
48 199
174 114
109 168
92 6
17 155
70 4
171 115
118 66
196 179
67 133
163 51
67 86
158 143
86 77
109 56
102 173
164 135
6 77
160 57
62 182
16 116
187 93
40 190
25 165
99 38
177 127
5 127
104 35
168 106
54 50
11 0
50 190
13 159
114 137
9 144
94 163
196 167
115 171
142 60
19 133
50 123
180 22
59 152
55 32
145 100
117 41
32 12
174 40
74 83
128 63
17 126
120 140
67 69
189 166
144 74
36 20
102 157
67 60
42 90
73 155
61 12
37 135
71 3
95 2
162 176
114 107
105 199
145 135
108 28
119 193
163 159
54 90
125 68
196 171
17 92
6 144
26 46
168 67
141 186
75 157
66 110
57 113
146 149
152 66
32 178
149 121
177 191
66 25
92 130
2 88
53 123
137 123
3 119
58 143
107 105
43 148
139 132
188 53
160 172
155 43
155 85
166 116
125 83
32 3
171 174
151 163
83 89
5 28
160 148
191 44
70 27
49 190
199 185
7 9
71 16
29 34
8 103
169 61
158 173
29 40
103 166
177 164
85 189
86 92
180 190
99 38
109 137
141 158
40 90
75 13
13 62
141 178
144 144
155 41
78 128
110 175
76 129
94 153
109 108
37 119
107 66
89 179
33 52
129 106
61 47
23 59
86 21
109 176
99 28
115 63
156 93
54 96
134 68
75 22
2 135
2 192
177 48
33 26
152 127
154 42
138 76
59 0
181 98
131 83
125 73
195 155
78 169
37 141
39 196
14 196
157 103
142 130
98 184
154 50
42 54
151 74
162 145
31 69
119 178
139 68
15 12
116 145
26 18
114 195
131 126
130 31
156 49
25 23
181 108
132 19
19 110
0 76
87 142
121 17
106 141
128 72
59 151
186 96
195 40
33 125
128 60
42 168
23 16
109 44
146 151
2 177
43 59
11 155
181 132
74 59
145 26
52 8
16 58
118 97
39 181
37 66
133 190
159 24
158 132
189 148
131 49
78 105
14 1
98 198
177 91
30 155
81 65
23 192
195 5
45 127
68 192
157 41
143 63
33 148
82 62
158 9
72 31
5 166
182 165
142 38
69 169
26 199
178 16
76 89
53 56
132 156
36 102
73 160
120 64
98 54
87 42
197 61
199 73
63 76
67 129
75 188
81 5
185 131
2 9
6 171
113 114
19 115
69 188
83 60
81 71
115 75
180 179
54 159
23 1
32 29
68 24
155 114
118 171
118 79
115 184
38 187
169 101
48 144
88 8
117 154
61 198
58 164
80 99
171 112
119 150
170 170
0 7
96 130
172 135
15 164
143 177
167 181
154 60
131 114
105 24
107 171
32 99
60 149
138 16
197 153
135 145
175 39
70 65
34 17
19 6
100 173
46 169
133 88
155 124
119 171
125 153
7 35
69 16
129 25
188 52
74 42
158 23
59 139
31 55
97 163
58 160
65 26
123 1
126 32
39 55
162 53
168 79
149 169
127 26
148 16
18 64
132 100
100 179
78 118
50 18
0 181
11 2
163 11
87 99
122 144
155 140
80 92
155 143
73 142
154 179
40 173
182 160
184 149
196 34
196 118
103 63
113 33
123 121
23 100
136 84
158 96
84 12
19 70
95 21
169 153
80 53
188 98
141 151
11 99
39 107
6 147
30 109
90 7
152 118
43 52
69 186
63 103
94 110
81 12
125 174
199 79
62 189
159 178
156 130
142 131
22 73
148 41
81 182
195 158
101 24
167 82
162 195
95 68
136 57
0 195
142 183
32 138
6 144
43 23
75 197
152 148
55 89
107 58
189 123
137 51
194 59
136 136
80 89
170 90
48 137
73 3
22 40
104 114
68 86
192 98
65 137
61 193
137 197
110 58
188 74
148 81
3 0
77 97
126 157
121 185
167 35
193 81
181 49
133 7
124 36
79 175
187 103
164 55
81 111
117 190
190 143
148 139
107 21
192 34
91 119
94 84
88 31
150 92
74 15
113 63
164 99
16 156
193 177
123 27
26 63
32 196
47 5
83 182
61 189
168 144
102 96
191 162
97 48
114 124
22 102
194 15
182 18
162 177
150 128
39 96
72 165
146 13
72 97
170 95
105 61
80 9
77 74
99 192
174 127
35 189
117 191
6 92
118 16
11 151
92 119
144 187
116 72
134 185
128 188
42 168
160 149
19 123
82 125
86 182
15 15
121 49
108 0
67 153
33 7
104 190
16 29
149 132
29 162
128 10
28 135
31 55
67 199
2 10
196 13
168 127
61 113
169 12
198 42
143 68
44 106
20 170
133 162
189 35
12 54
25 98
89 138
28 191
15 182
51 135
193 183
58 119
52 23
56 119
197 171
125 74
90 153
72 58
36 180
45 7
37 168
189 149
106 102
145 197
112 115
162 40
171 2
42 116
0 12
63 137
2 22
123 145
126 96
86 127
104 15
92 169
14 73
97 187
83 188
128 135
191 158
20 76
46 104
94 46
87 107
154 50
28 87
110 136
39 195
159 43
52 31
83 13
134 69
128 9
194 185
60 76
173 145
23 31
21 18
191 38
43 88
181 19
109 199
55 40
164 55
55 134
137 11
3 124
100 172
138 5
18 45
113 184
22 186
89 49
39 112
180 112
135 113
132 65
175 117
102 111
107 126
172 198
199 190
59 31
166 35
130 56
160 169
44 69
160 154
145 157
25 77
142 77
75 134
44 44
52 2
166 27
149 6
189 168
32 130
84 161
174 150
194 110
170 130
110 123
167 169
22 21
190 165
194 187
126 81
154 156
43 137
58 168
91 22
128 27
197 5
80 37
133 114
117 6
98 112
122 76
136 66
61 158
161 194
2 2
142 118
153 185
14 197
140 68
95 48
0 191
15 195
20 82
194 149
106 172
148 78
60 51
88 30
95 186
129 147
155 126
45 37
112 46
2 157
137 92
188 132
131 65
199 115
30 151
176 102
4 108
174 82
138 24
177 39
199 92
6 31
90 133
133 118
108 152
135 124
155 20
181 50
148 145
16 66
55 66
66 100
13 118
157 110
6 0
108 71
94 181
128 103
71 167
191 35
70 70
18 134
21 108
53 155
45 51
195 154
118 63
94 27
31 57
155 115
148 96
41 67
184 27
144 147
8 183
39 125
49 77
90 115
44 17
185 109
90 66
164 3
165 112
93 167
15 39
111 112
84 54
105 47
114 75
199 38
0 74
75 37
82 8
58 176
85 135
26 173
190 185
196 85
44 164
162 92
68 63
160 44
153 136
122 136
53 0
42 135
29 157
71 112
150 178
59 20
138 70
195 99
189 138
91 154
4 120
63 199
12 98
89 168
140 19
182 179
14 0
153 197
101 9
100 38
26 132
117 82
68 87
82 122
118 134
77 168
197 145
72 29
98 3
105 190
112 139
61 164
98 185
176 85
194 5
182 89
45 60
59 137
109 46
101 105
139 102
195 155
170 178
70 114
56 137
104 197
82 121
62 34
21 65
177 114
95 157
52 7
53 22
111 48
57 167
23 170
9 43
117 11
167 134
61 108
62 167
18 81
114 199
121 8
191 184
66 99
91 173
146 83
15 76
193 74
110 177
7 105
28 147
92 171
33 21
191 20
199 35
162 139
80 123
196 7
110 187
79 0
147 131
142 36
47 90
25 161
68 16
142 95
68 80
98 126
151 97
97 31
185 80
151 175
53 98
190 185
74 186
131 46
65 162
142 95
18 176
16 195
101 194
197 143
66 3
37 143
25 184
89 128
33 33
192 132
1 43
157 1
7 176
72 130
186 14
71 45
46 154
179 96
177 109
173 107
160 97
140 193
121 19
173 68
102 97
73 74
185 157
96 132
172 95
104 124
16 57
112 58
169 0
191 144
47 108
188 145
157 93
144 130
198 53
120 134
17 19
66 1
45 59
108 56
91 19
178 140
3 52
1 189
93 2
53 94
15 83
138 179
8 40
43 87
160 175
8 96
139 91
58 124
77 57
108 111
42 46
73 0
18 22
143 144
169 70
117 126
16 142
18 64
88 100
192 146
151 125
143 124
196 46
148 145
161 48
32 85
177 191
191 58
54 63
170 131
133 83
97 172
32 170
116 22
80 24
18 47
126 48
87 82
35 128
87 95
125 91
78 45
185 128
184 171
124 46
140 173
141 49
29 14
162 126
25 177
51 58
33 127
22 39
104 102
34 140
56 147
127 194
34 67
116 65
54 89
20 151
54 84
121 196
172 51
198 148
141 89
109 131
139 73
171 110
69 108
125 163
9 33
144 144
82 25
138 108
92 39
168 162
167 99
61 52
118 26
164 187
33 125
195 42
33 12
138 49
98 197
148 174
46 180
159 86
35 10
95 55
85 38
6 68
146 173
44 151
26 172
142 86
69 95
150 0
194 53
131 11
107 115
153 49
136 134
35 194
103 145
172 148
50 102
167 165
78 59
102 47
27 36
85 143
140 178
145 100
10 173
179 197
42 92
176 59
154 169
188 131
18 157
119 51
84 49
27 165
41 174
129 172
157 44
160 103
86 114
113 118
141 51
181 150
52 72
110 105
26 21
59 138
64 121
78 130
165 171
89 28
4 66
28 129
139 186
42 47
50 61
34 137
110 126
141 2
7 37
130 191
28 27
69 73
26 80
103 189
24 169
62 163
162 41
66 12
198 133
69 126
41 68
31 74
121 99
168 49
68 177
105 41
89 133
97 41
105 182
52 104
103 29
135 86
99 97
57 150
194 14
154 190
108 10
171 119
128 72
63 34
131 102
127 81
150 159
135 19
45 151
1 70
119 32
18 94
11 28
51 193
184 164
143 187
159 16
88 159
125 130
115 41
189 85
37 78
32 103
161 18
6 15
155 75
12 56
36 66
45 16
71 78
162 189
125 119
152 9
165 123
173 36
82 107
104 100
169 39
36 11
138 9
110 189
21 84
10 164
7 156
82 23
71 183
43 92
99 34
183 58
53 145
128 58
85 111
199 108
64 62
146 186
111 130
50 43
71 16
113 98
43 181
166 49
132 90
198 172
145 97
170 155
21 176
7 163
138 112
179 129
66 72
151 39
50 108
151 52
190 109
136 35
158 155
3 54
183 56
193 45
45 94
18 51
15 180
97 97
104 139
150 199
168 107
40 141
128 128
182 139
157 108
12 61
124 2
53 160
115 6
177 55
111 44
0 23
29 18
56 165
137 5
149 4
198 108
152 0
144 83
60 104
183 98
37 4
128 143
46 50
87 107
125 118
136 105
133 126
182 142
119 183
118 194
50 137
30 138
26 78
152 98
79 80
148 86
8 68
188 91
39 159
5 98
155 140
20 163
112 22
29 160
90 28
130 198
64 120
106 0
175 197
88 142
80 6
73 106
183 132
73 48
126 51
90 28
64 44
94 176
168 73
72 20
31 86
157 48
107 62
145 187
66 79
156 30
78 79
143 121
17 97
103 73
6 182
67 179
124 54
69 118
43 198
12 158
5 184
150 95
89 112
60 132
153 48
85 31
27 19
86 96
35 13
28 158
15 162
84 16
125 87
130 177
81 27
2 81
67 191
81 156
56 59
165 22
22 108
123 102
182 110
4 85
138 197
156 42
42 153
97 20
192 158
21 8
173 30
56 107
126 151
58 129
56 32
133 148
117 124
157 20
64 75
8 131
164 42
66 134
124 84
33 129
166 168
106 193
102 29
178 182
104 84
107 196
173 178
144 12
195 9
130 179
157 83
155 128
50 8
11 33
166 24
143 179
136 56
31 53
17 85
111 30
17 47
171 57
77 28
150 53
84 161
12 58
69 147
51 86
4 176
177 89
141 44
29 41
170 65
45 82
192 134
190 132
39 105
33 50
84 60
115 70
106 99
141 1
47 62
195 165
140 50
11 186
118 77
3 87
32 181
173 98
103 16
41 29
60 115
59 58
122 179
39 82
114 44
11 184
134 64
141 86
64 41
23 24
118 156
188 95
191 162
98 183
3 12
129 43
59 16
133 143
7 41
90 93
172 38
188 31
96 97
118 63
87 14
135 4
162 79
187 187
93 130
68 143
98 101
137 194
77 180
141 78
45 161
150 33
133 21
66 88
3 54
89 190
163 88
42 82
192 110
163 30
86 126
6 142
0 21
48 141
91 198
109 98
157 86
140 89
35 114
19 108
102 160
196 122
61 146
53 44
62 94
69 25
152 57
180 144
66 18
192 137
38 88
7 114
32 156
154 66
81 12
23 185
162 174
58 130
118 107
174 4
178 171
64 38
86 108
14 38
109 132
124 30
25 31
93 0
84 116
113 151
31 91
157 21
20 114
152 10
79 40
100 171
52 139
154 137
197 86
130 34
105 93
105 182
156 128
178 91
138 120
165 77
165 117
115 136
173 63
30 2
67 89
31 166
4 4
35 26
0 157
133 14
138 21
169 178
142 167
120 93
93 21
160 188
13 185
125 3
55 3
195 188
31 25
110 191
140 77
88 144
90 16
129 41
22 41
11 43
153 63
127 194
64 147
43 147
40 71
84 123
161 41
187 48
95 59
197 180
69 163
113 146
53 108
67 21
33 94
186 41
40 0
7 78
90 143
3 97
171 24
64 81
40 37
135 106
178 93
71 115
67 41
8 114
62 178
166 71
87 49
35 147
4 45
194 19
109 177
7 91
183 100
171 120
81 13
183 159
74 171
190 175
108 41
12 22
50 146
115 104
143 7
194 190
109 174
26 194
81 78
30 24
13 99
125 36
190 14
188 131
173 14
174 195
56 133
65 168
33 137
149 191
51 85
16 152
114 110
42 193
78 53
134 54
92 81
186 166
3 173
60 179
119 151
179 34
120 64
48 92
48 28
78 46
94 26
154 172
88 13
51 152
128 123
116 121
29 146
120 63
150 118
130 181
143 173
170 155
150 86
89 163
139 170
196 112
197 2
122 102
139 73
80 99
127 21
124 65
46 196
145 96
15 67
84 103
190 78
185 159
45 86
130 187
132 118
174 72
39 14
160 53
13 3
166 52
189 29
30 139
24 81
54 24
182 15
29 81
109 153
12 132
84 48
42 55
136 135
41 199
148 99
191 181
28 95
161 106
71 96
37 165
131 185
84 104
125 42
3 129
180 56
172 163
39 54
14 20
196 151
94 58
42 170
103 121
115 1
160 136
132 179
111 144
30 186
95 51
125 183
60 139
18 22
87 162
191 52
50 145
134 6
118 161
114 146
4 184
152 91
175 184
102 182
123 153
86 74
61 87
108 146
183 99
2 58
51 157
107 127
53 44
84 40
186 97
199 104
154 41
84 28
132 131
162 22
47 84
163 85
35 113
34 62
130 136
18 84
101 59
131 143
47 160
182 19
14 60
187 25
46 40
97 8
78 19
168 166
25 97
25 115
34 41
171 142
102 8
53 134
59 39
123 26
87 156
20 119
11 63
126 100
35 165
111 128
162 17
34 30
25 55
76 2
72 146
11 172
92 35
106 49
97 196
197 33
42 153
39 94
111 96
24 24
28 191
69 61
173 112
122 166
121 11
151 163
111 128
44 24
5 25
67 169
193 90
5 20
24 17
27 191
0 91
114 122
56 114
114 155
120 36
70 15
132 125
113 190
60 129
131 148
171 117
146 86
131 37
22 48
77 38
103 183
105 137
54 104
133 113
9 121
32 129
138 77
69 35
111 78
196 191
190 37
14 48
62 57
64 1
196 180
20 54
15 166
143 31
31 175
155 81
76 199
168 176
159 163
179 113
84 80
34 65
106 176
190 191
109 147
70 75
108 41
142 92
133 127
84 21
80 177
116 29
165 127
68 40
193 94
13 114
61 97
194 86
9 54
59 62
103 141
1 173
166 36
116 96
4 156
107 169
151 110
181 83
197 102
121 61
164 41
172 7
104 133
193 194
88 197
18 21
165 102
195 165
72 134
13 16
47 13
118 104
177 9
167 149
97 190
110 4
106 86
127 172
163 16
167 186
102 2
44 108
180 194
87 0
163 162
37 67
94 130
169 18
196 157
49 14
3 6
77 189
139 55
74 151
16 147
84 126
144 33
90 164
79 62
15 152
3 6
158 39
18 35
156 138
149 12
39 166
64 138
128 104
81 145
157 184
81 176
144 194
22 40
126 47
116 154
125 2
68 14
21 82
122 137
47 38
77 42
66 93
162 65
197 154
176 66
135 127
121 8
122 54
196 114
0 179
21 161
184 193
95 195
104 76
41 26
75 184
66 190
185 76
118 167
115 119
131 6
63 173
192 102
68 81
122 68
72 105
12 176
154 20
47 157
136 103
168 47
33 42
118 35
121 160
135 89
53 187
180 57
153 92
166 76
146 195
153 45
188 124
111 12
115 147
44 82
54 115
193 9
161 9
198 162
152 158
122 81
11 24
50 176
85 51
9 5
179 66
72 154
170 9
60 25
3 174
3 71
45 87
47 0
90 117
67 136
123 123
64 121
73 162
42 118
152 192
178 49
97 111
57 71
137 25
40 90
150 196
138 51
39 107
160 4
10 145
78 98
130 83
32 141
9 105
99 116
89 103
15 92
68 168
171 138
12 9
98 56
12 145
73 94
53 47
124 141
108 81
58 78
140 83
39 45
128 177
20 163
138 175
123 125
119 58
89 132
193 50
61 50
101 79
24 182
84 12
114 168
146 164
61 13
93 8
64 145
112 174
56 117
107 20
53 78
49 21
23 17
2 117
33 121
174 10
140 3
167 74
196 178
8 40
99 106
100 93
48 197
185 38
117 66
78 104
128 161
155 120
52 168
151 29
134 66
53 162
77 90
118 120
122 50
71 154
37 21
68 77
185 66
17 126
25 67
50 48
38 34
138 89
106 34
7 14
136 55
78 113
139 82
131 133
166 104
162 8
149 185
170 138
17 144
97 87
110 121
57 146
150 54
107 129
90 120
12 175
53 29
120 160
148 3
181 33
151 141
161 165
143 159
25 13
110 172
47 108
29 84
86 110
104 30
72 126
109 194
64 111
123 170
69 9
102 133
135 150
76 159
167 142
61 76
101 140
174 123
182 148
58 163
10 25
61 19
107 13
22 107
141 8
74 167
51 184
47 4
69 69
4 1
54 21
59 149
147 87
32 4
140 61
32 185
133 29
112 101
111 152
0 62
110 194
30 135
86 186
86 152
101 132
100 35
66 177
150 195
191 80
57 128
13 176
52 14
183 114
184 187
28 146
176 9
82 37
44 118
111 143
91 3
79 32
106 3
42 101
65 101
4 135
78 93
133 123
186 183
65 84
21 155
36 135
103 112
196 0
79 19
27 122
49 96
145 178
6 17
49 31
74 51
134 48
37 30
158 190
76 15
97 94
196 110
42 46
75 47
77 55
64 30
0 7
61 199
49 63
16 64
117 27
75 108
51 1
180 100
185 95
105 154
127 20
166 113
131 187
46 49
55 104
71 68
24 43
145 108
107 127
101 137
53 32
178 9
168 81
154 122
62 128
77 94
164 180
87 91
106 89
98 83
192 190
9 61
162 106
120 50
180 34
132 87
75 107
127 54
190 78
117 46
148 85
103 63
18 85
47 84
35 19
17 143
167 7
140 86
44 79
119 4
26 24
190 109
18 135
47 8
118 182
96 64
32 38
138 14
78 170
123 117
35 119
46 170
35 6
83 152
133 170
126 65
146 73
46 39
70 75
25 54
176 13
59 164
102 197
86 132
116 71
8 22
95 37
58 135
115 132
120 193
55 94
164 110
5 163
49 21
82 146
122 9
157 87
62 27
175 175
44 25
56 26
171 172
107 152
141 111
57 38
125 46
63 30
20 95
92 111
168 8
11 152
130 29
187 111
54 87
193 169
153 83
140 21
128 170
179 134
48 14
179 92
38 109
43 129
143 69
25 164
15 182
166 134
196 123
9 76
57 112
120 81
150 91
74 84
101 153
75 114
45 111
49 34
26 16
192 60
19 149
0 123
48 55
153 156
132 102
103 20
193 66
139 121
39 87
143 114
159 118
35 47
174 18
138 173
176 51
99 87
156 26
32 131
172 145
141 169
54 189
27 143
45 106
66 96
157 192
189 77
111 20
11 105
139 169
193 137
167 184
6 118
175 61
199 163
6 128
94 47
68 92
88 98
126 16
198 134
198 78
7 19
170 174
133 197
76 159
154 59
68 23
163 120
95 159
177 135
174 176
124 111
51 66
4 156
120 165
8 126
96 150
196 100
3 109
92 55
86 72
62 21
103 130
64 40
83 99
193 122
55 88
52 10
67 5
173 58
190 184
170 176
92 48
78 70
76 62
92 182
99 173
80 100
40 99
142 193
180 152
192 93
171 32
59 132
34 147
145 139
100 35
7 28
112 138
17 92
87 149
146 119
99 176
19 1
92 70
74 85
37 52
1 67
118 169
157 199
58 177
100 124
129 118
104 96
55 94
160 197
177 149
9 70
119 177
195 198
105 167
151 181
184 175
119 93
104 171
23 18
2 194
174 8
112 98
70 34
18 61
69 142
63 195
168 129
76 130
12 24
19 70
63 178
16 96
71 180
179 10
182 72
55 178
91 24
89 39
124 42
11 136
53 151
138 161
15 19
80 51
176 53
130 111
185 30
122 136
1 3
134 10
129 186
152 28
52 141
132 152
113 36
92 35
186 199
173 64
18 158
128 187
121 126
163 54
101 183
15 62
15 107
171 196
43 22
51 47
147 126
78 188
189 29
154 153
184 152
72 116
75 132
144 190
18 12
39 112
179 194
190 44
198 121
111 188
154 140
153 13
82 187
6 12
106 181
17 54
159 198
83 118
141 173
92 111
196 62
146 193
48 120
20 195
28 159
150 90
165 119
175 51
34 166
84 45
130 75
30 109
51 140
85 51
32 124
81 192
81 60
86 94
59 97
155 37
62 17
170 37
76 108
113 178
134 55
192 55
63 117
65 75
146 171
193 90
177 138
152 199
124 116
7 92
81 52
136 132
8 120
180 125
10 166
199 62
62 132
45 11
178 44
87 139
105 140
173 103
180 104
1 113
185 10
163 108
84 123
181 98
68 7
74 162
8 173
136 98
65 198
75 39
179 141
167 194
14 33
11 124
54 68
145 51
76 163
52 134
167 81
118 41
193 24
29 89
176 189
30 124
125 90
152 197
123 78
84 44
99 86
114 172
86 41
112 187
147 38
84 46
174 17
65 156
178 28
126 66
58 59
55 170
155 70
26 24
190 141
183 90
90 74
72 174
128 184
162 180
98 3
80 123
45 185
179 37
20 90
188 68
41 149
185 107
6 156
123 102
98 17
132 91
160 139
7 174
124 108
141 16
107 17
36 104
183 92
155 136
40 84
27 123
173 63
95 110
168 91
140 107
141 5
55 65
160 101
93 167
22 16
112 125
169 96
167 117
165 196
69 111
124 15
161 123
56 89
157 151
22 10
83 4
13 49
39 182
143 67
37 186
182 147
143 64
121 72
0 153
139 29
65 190
183 45
31 143
67 95
55 40
102 185
178 193
69 117
193 16
71 6
26 113
46 122
139 190
145 122
130 125
55 18
138 25
91 37
28 41
88 39
35 25
119 157
48 30
65 154
101 127
42 4
91 170
84 147
19 58
45 158
12 196
65 117
63 84
107 105
96 85
117 36
123 192
13 134
156 173
192 102
162 171
20 14
58 73
15 94
108 93
104 21
88 175
162 190
170 72
6 121
167 166
65 93
32 58
33 67
90 95
115 163
178 32
145 163
118 109
23 143
158 166
134 27
43 9
7 139
192 15
136 9
62 96
37 183
64 57
168 10
42 62
17 138
97 148
97 66
106 137
157 148
145 152
70 81
144 1
103 185
24 108
103 34
189 133
133 121
75 84
63 57
46 25
55 11
67 199
95 34
3 138
63 151
175 55
186 175
69 36
24 5
31 75
84 125
90 128
120 164
106 69
115 158
64 164
140 26
60 121
105 89
92 151
104 61
161 87
187 109
91 160
110 117
25 87
50 1
190 79
72 17
13 157
19 0
8 9
82 26
147 80
181 62
190 74
196 78
39 130
15 72
122 69
152 129
99 48
163 129
97 83
73 133
107 8
54 50
195 14
18 88
141 13
30 109
85 99
189 71
71 56
34 108
140 140
138 60
146 138
55 105
68 20
57 96
67 118
194 112
148 25
161 152
70 92
126 28
178 181
79 109
84 59
163 138
149 94
22 174
35 95
18 29
188 173
115 92
64 48
148 50
25 134
96 62
50 61
165 162
191 182
197 48
68 190
198 95
13 172
100 148
26 196
123 21
109 196
162 174
191 60
109 187
194 8
26 1
104 43
101 114
75 133
187 3
30 130
12 63
188 160
76 164
22 117
196 33
164 112
43 84
101 176
137 119
72 82
188 69
150 155
125 94
189 117
126 8
151 105
113 84
129 4
124 91
172 88
117 93
40 128
36 180
177 0
42 72
33 135
194 160
101 84
124 86
104 55
48 27
188 178
147 68
198 26
37 184
75 17
84 110
198 111
190 58
187 35
163 100
185 167
30 56
188 44
43 154
185 197
116 138
112 138
101 107
194 156
199 36
115 63
137 30
129 190
97 172
183 0
126 60
8 90
130 191
180 94
67 191
173 137
131 194
198 146
90 72
31 90
192 194
8 94
93 160
157 4
173 122
192 18
93 139
79 23
182 198
167 167
94 43
121 0
133 113
43 39
66 158
135 172
7 100
182 56
87 96
155 176
85 91
126 19
55 85
139 77
65 92
72 147
3 177
55 45
162 84
16 94
125 92
137 22
99 79
146 40
183 108
63 158
110 137
178 21
168 167
89 110
29 32
167 145
12 30
134 60
175 19
47 70
194 188
174 106
108 147
72 140
31 17
20 126
36 116
45 195
139 88
173 188
90 153
102 5
152 13
24 13
41 175
184 76
19 22
31 7
0 96
190 36
47 135
6 137
125 50
48 199
101 45
148 107
71 154
14 62
70 199
67 17
95 107
111 58
2 85
80 18
79 151
48 199
165 3
73 8
17 103
167 54
185 14
101 175
51 45
27 21
36 189
71 38
72 129
170 89
24 89
79 157
83 110
32 186
175 98
62 170
159 86
177 8
191 127
151 102
183 108
12 122
187 147
66 124
138 146
6 107
146 67
32 199
146 108
178 99
30 3
88 139
100 24
151 100
136 22
16 100
85 35
71 39
128 199
8 37
109 148
101 151
64 9
26 52
164 107
131 22
31 132
189 122
152 101
52 105
62 119
169 172
103 133
42 155
171 29
92 59
155 102
69 74
144 66
167 105
50 96
136 62
115 107
129 91
34 2
140 114
55 176
19 142
164 83
47 113
40 162
155 42
145 148
142 180
63 148
181 21
99 113
11 167
183 197
164 102
101 124
86 170
76 77
36 68
157 177
120 179
95 73
118 176
21 77
158 81
102 72
156 13
188 94
102 86
50 148
60 121
133 151
25 151
138 37
98 122
102 148
64 12
190 47
75 77
85 44
106 191
182 189
129 87
173 143
81 65
185 130
3 12
193 54
133 156
77 154
77 150
117 120
134 172
50 67
136 88
84 158
33 6
148 109
73 132
42 88
92 23
139 175
168 76
12 155
63 17
116 0
119 114
19 112
21 181
183 122
49 146
61 140
34 91
17 87
125 57
147 56
137 118
97 29
48 13
19 111
95 37
112 195
136 85
162 175
71 45
83 135
172 85
190 23
177 73
23 140
145 171
100 188
166 33
86 23
74 101
105 70
27 159
177 126
138 192
91 130
126 176
26 97
197 115
73 105
112 191
26 125
12 104
112 82
12 118
7 91
74 130
11 114
47 180
45 163
13 90
188 125
17 128
102 182
88 26
77 67
153 80
38 186
60 101
86 97
31 166
128 165
46 84
193 21
15 111
53 77
142 128
127 159
121 30
153 100
12 108
71 134
10 125
68 57
98 48
71 7
163 150
12 136
131 53
57 85
98 15
59 51
150 107
12 90
41 15
54 13
184 88
142 161
184 59
82 54
97 123
161 26
185 142
23 141
51 6
67 152
167 162
19 37
157 193
166 22
115 68
65 191
95 31
77 130
194 140
98 111
110 167
153 99
155 122
169 95
99 178
77 168
156 23
13 130
106 146
16 179
176 78
42 121
158 59
74 80
173 199
177 184
173 119
77 152
115 81
78 28
164 75
84 165
30 64
143 157
62 8
26 96
25 157
122 27
61 80
73 196
3 98
63 20
185 53
163 111
51 135
149 24
107 152
62 149
131 68
119 195
88 96
125 171
172 119
144 130
20 84
116 147
132 74
153 167
135 57
134 71
78 195
150 17
18 111
80 33
40 55
161 137
118 156
3 190
119 184
114 32
169 160
114 81
14 170
50 79
0 177
135 139
70 49
173 68
169 194
182 8
9 96
112 71
11 4
110 80
155 38
154 68
63 77
161 162
43 30
51 34
119 153
20 21
59 46
4 38
2 11
48 127
190 115
24 129
171 152
103 141
109 142
7 75
112 33
174 70
119 28
96 22
71 28
146 100
120 173
47 180
51 169
107 42
160 24
150 67
172 96
117 126
162 59
186 42
56 128
169 74
32 47
168 7
98 166
7 100
84 33
150 142
35 80
85 163
141 192
110 88
4 193
9 193
160 2
140 157
43 167
113 123
49 156
41 114
199 159
92 86
81 69
99 62
29 2
89 27
143 93
127 78
141 81
56 163
88 152
151 153
178 12
62 78
6 171
101 62
94 82
116 63
189 156
56 167
46 81
24 154
73 3
96 172
81 47
184 174
185 169
24 127
126 108
59 28
186 76
97 0
110 114
150 174
18 182
11 18
49 150
0 180
192 77
180 133
2 86
41 12
143 57
171 138
44 122
141 122
150 84
46 94
28 103
125 101
153 50
149 91
22 86
86 7
39 130
8 162
110 125
144 196
129 164
182 105
151 124
137 92
172 53
50 48
12 71
129 163
70 194
159 158
60 137
123 20
125 182
177 100
61 186
30 118
131 186
117 10
95 170
165 110
47 158
85 107
163 159
197 183
55 53
88 177
62 194
174 152
11 189
78 73
106 47
45 78
195 181
150 29
64 114
109 191
161 103
26 76
150 40
25 8
74 161
58 102
61 165
161 157
29 196
44 155
134 169
72 59
151 161
140 188
10 2
108 172
165 195
94 35
9 107
65 29
67 78
96 57
68 131
63 186
122 90
139 25
53 11
128 37
2 5
17 11
85 24
177 66
176 103
199 130
79 91
67 43
194 0
12 63
159 179
63 120
86 57
82 55
87 182
147 91
129 67
150 21
76 28
140 50
28 154
92 6
166 104
65 125
27 107
64 41
33 72
55 108
90 85
93 45
25 47
76 12
1 121
95 78
67 35
8 91
16 154
117 181
1 128
175 166
108 180
3 115
131 82
185 110
104 126
27 88
99 87
126 124
155 46
155 44
198 178
97 108
150 185
158 80
134 44
13 69
122 166
154 86
45 146
44 27
64 152
28 165
102 56
67 56
163 132
113 147
115 187
47 167
40 80
54 83
33 91
133 56
114 143
15 124
173 41
22 57
38 7
71 100
120 184
7 167
132 54
9 148
71 119
120 189
151 8
76 38
182 106
85 85
17 135
191 95
128 110
64 117
132 159
23 1
79 122
77 21
68 106
34 15
125 127
109 106
156 35
87 43
187 83
170 106
73 111
57 118
112 62
4 44
134 185
182 104
148 40
144 192
12 28
104 79
76 12
35 46
165 62
109 40
171 64
122 138
0 44
116 69
174 41
177 53
63 2
71 154
149 17
60 173
45 189
82 26
150 98
48 103
52 20
103 30
14 121
192 100
91 91
136 67
93 117
3 33
35 62
135 35
20 2
58 5
43 57
131 72
6 146
26 132
190 38
128 105
152 121
112 59
6 45
149 151
13 70
85 58
60 121
22 34
162 17
108 19
172 168
186 160
1 48
162 11
65 49
173 103
122 142
175 149
62 127
198 144
150 81
98 134
146 172
149 90
55 80
190 92
76 41
158 15
182 47
26 177
10 176
148 131
36 19
179 149
98 54
160 2
147 106
198 28
60 144
91 131
21 10
4 138
51 81
7 199
124 94
127 64
33 94
133 58
26 78
195 167
171 165
63 11
144 104
35 79
50 13
185 26
64 104
190 9
69 37
164 178
140 195
70 109
91 136
32 87
70 74
143 56
114 24
112 151
87 66
5 1
137 1
13 17
177 163
109 102
7 136
197 147
153 119
117 170
151 137
25 112
70 112
27 184
129 36
12 41
2 147
107 67
56 166
149 164
137 36
142 69
119 148
52 33
93 120
98 199
59 38
20 103
187 2
28 49
166 29
138 148
91 159
45 4
43 198
128 140
139 90
123 40
100 8
29 43
114 23
104 38
24 93
7 186
164 197
64 104
164 61
55 137
161 97
196 14
40 161
199 35
102 9
159 181
156 152
158 24
124 37
150 193
96 179
180 54
140 66
114 68
121 90
65 150
166 52
6 104
17 13
109 146
169 169
34 198
159 91
52 123
16 139
13 115
175 103
78 188
167 58
43 2
56 108
90 143
190 69
166 172
82 24
103 112
170 186
13 136
134 185
71 64
111 68
80 93
88 155
167 56
158 47
71 168
149 148
121 3
171 99
117 20
26 127
180 97
46 36
147 2
192 89
158 62
66 157
44 58
94 176
135 26
102 169
191 85
25 191
8 28
162 22
61 90
134 85
188 152
131 161
135 50
79 165
153 32
39 198
87 104
11 131
109 184
143 22
180 6
154 194
9 111
181 113
17 21
115 52
166 33
181 106
133 178
172 45
182 54
106 159
173 1
58 190
85 73
63 83
132 190
157 91
29 120
48 36
133 152
121 81
123 68
8 50
48 128
48 150
83 58
56 95
77 116
42 119
96 94
34 120
86 134
196 191
57 124
119 55
98 103
111 123
80 135
110 103
167 24
80 171
120 135
135 188
90 156
87 191
183 30
178 149
79 118
187 178
180 140
88 165
141 143
47 53
52 155
50 114
86 152
131 129
11 45
148 139
111 56
199 55
157 168
173 119
58 78
116 112
43 47
143 167
193 142
179 132
69 57
158 193
60 131
141 30
162 102
83 67
104 113
44 71
26 36
138 87
198 115
45 78
96 96
54 145
198 17
185 63
170 53
165 82
20 113
43 18
110 157
124 181
171 29
177 131
97 139
34 25
12 168
135 122
158 192
79 118
91 162
124 67
60 142
138 36
196 97
35 171
34 78
88 168
14 1
7 92
93 175
2 113
44 10
77 7
97 170
69 29
121 101
194 45
195 159
185 102
9 180
4 41
78 123
186 176
182 178
98 178
1 140
126 151
92 42
28 132
73 69
49 191
183 150
103 170
149 130
178 139
104 67
4 129
168 39
185 105
46 68
33 85
48 108
166 36
97 19
90 30
180 85
26 128
65 80
94 180
111 27
168 15
180 1
33 36
75 9
171 127
32 28
160 181
119 107
186 180
188 64
82 22
77 74
155 78
195 117
133 60
51 22
63 191
118 168
109 142
103 88
172 37
109 176
47 198
8 166
96 61
159 169
133 111
194 32
49 58
56 85
163 70
197 199
89 55
106 80
192 114
69 103
121 52
78 47
39 48
183 91
24 15
144 71
121 126
125 76
169 36
109 130
26 72
121 64
107 37
101 28
198 50
10 1
115 160
27 113
69 27
153 158
155 111
166 140
155 121
177 4
61 23
92 14
33 26
117 172
95 127
13 129
61 83
184 36
153 176
145 199
162 21
90 57
70 54
120 65
131 66
172 107
196 183
126 2
122 161
31 57
156 167
127 142
142 191
158 39
89 8
92 121
168 152
32 192
41 86
26 151
189 145
10 156
118 47
80 125
60 170
172 173
183 134
53 70
41 117
141 74
37 18
31 42
27 154
56 71
80 194
101 19
186 137
94 89
1 46
97 131
155 13
35 121
103 61
48 16
107 13
24 17
174 152
90 198
7 132
145 70
9 67
50 164
150 76
2 110
28 123
181 167
183 100
112 84
164 129
90 196
176 186
107 190
41 193
15 69
90 81
142 56
6 112
75 157
55 75
157 173
199 119
112 142
193 160
185 30
127 5
120 194
152 150
32 195
83 4
187 115
18 160
16 8
107 67
187 83
16 44
101 73
87 160
158 19
136 20
44 38
191 36
87 26
123 187
35 52
18 50
146 12
145 84
112 81
61 195
48 105
164 6
116 183
84 187
151 54
184 159
180 148
38 131
106 23
27 101
5 93
17 42
57 148
187 3
180 69
136 21
47 85
18 115
180 73
0 195
152 172
195 199
74 87
15 168
176 179
123 14
94 13
68 73
115 172
127 174
171 196
161 2
73 188
185 121
119 1
186 169
46 124
43 154
35 20
44 5
152 29
27 88
10 155
182 15
108 87
146 165
96 79
185 101
25 94
91 29
167 123
183 90
21 133
128 129
182 158
131 81
141 5
66 71
192 136
56 53
149 183
40 104
130 195
25 166
69 31
72 95
143 107
159 75
146 86
171 118
146 198
144 132
71 158
176 49
144 195
141 43
47 144
155 143
164 45
197 80
174 97
44 185
137 103
91 115
45 95
182 71
8 67
19 14
162 25
60 28
119 196
98 28
55 108
81 114
73 28
1 160
120 0
151 124
185 0
195 179
69 80
36 119
2 44
76 133
155 58
89 32
165 124
178 146
62 19
88 183
105 174
90 171
120 128
36 71
157 185
17 3
99 151
89 64
64 147
40 85
11 90
124 148
83 174
121 184
54 86
94 164
93 140
155 25
129 87
156 189
43 13
78 94
62 148
73 141
14 156
44 174
10 138
14 103
106 73
144 100
171 84
52 71
49 74
199 11
54 25
140 59
114 68
82 64
199 75
106 16
182 195
99 25
76 45
165 64
131 107
158 114
139 150
197 115
189 139
18 173
36 118
22 6
56 151
37 115
105 56
16 60
113 143
183 128
191 181
144 3
41 173
117 168
149 134
24 95
176 77
36 175
147 107
133 84
134 88
30 94
58 130
171 93
107 73
119 110
159 197
175 178
177 73
156 103
111 170
29 85
70 28
156 165
131 118
100 101
168 13
160 179
162 126
27 27
38 111
0 126
82 63
123 30
185 53
60 134
155 115
32 136
76 119
19 169
2 51
117 121
64 79
2 25
73 80
15 18
41 76