200
98 82
181 111
198 133
98 114
39 83
98 23
190 152
119 149
25 167
150 50
98 167
152 172
129 176
30 73
152 128
172 114
198 18
24 167
56 87
27 187
35 178
133 122
171 99
66 67
175 24
195 68
118 190
82 49
121 142
53 54
165 34
32 49
33 120
72 18
147 102
34 172
102 10
89 92
56 172
119 93
17 147
123 111
67 55
60 48
166 53
140 55
18 5
140 198
87 185
89 68
165 16
134 34
166 59
31 125
78 135
65 48
41 181
124 108
24 144
48 149
45 165
187 65
44 4
138 176
89 138
102 62
32 168
163 30
173 184
86 29
172 195
112 11
71 30
181 94
43 92
26 87
44 134
125 14
152 163
123 88
12 29
86 143
102 154
140 175
182 106
55 9
0 103
125 188
127 19
73 1
53 32
154 34
149 40
118 199
75 31
59 182
88 111
62 125
71 17
119 125
118 58
78 141
150 86
184 157
39 199
123 88
189 81
61 102
100 53
114 139
138 48
194 64
4 17
85 23
56 94
162 116
148 167
43 35
174 44
127 71
102 151
11 128
59 51
2 96
184 160
199 44
106 28
84 0
174 195
141 162
54 174
78 138
151 132
11 59
7 174
76 1
160 81
196 31
148 55
28 92
78 127
35 4
47 110
5 78
165 179
162 143
188 27
162 8
174 129
77 196
88 104
7 33
159 93
174 79
174 192
138 192
167 77
112 170
167 154
20 22
19 124
115 151
17 22
110 141
57 52
121 115
18 1
146 138
31 128
84 7
92 49
188 59
182 3
95 71
36 59
108 40
69 170
141 136
122 82
2 183
77 51
47 22
172 71
175 100
7 51
74 181
111 37
123 130
4 27
116 18
197 171
183 176
197 114
190 58
56 166
1 44
123 173
176 49
148 26
180 113
159 134
136 106
129 160
73 77
147 69
157 128
103 153
126 98
88 187
90 32
6 199
21 95
26 60
34 190
112 55
97 14
78 187
10 4
191 151
7 41
109 68
17 123
73 118
188 139
99 128
113 173
72 6
177 138
53 27
181 188
83 59
170 38
37 75
85 106
168 159
91 171
160 163
59 7
99 84
60 166
161 118
19 195
188 30
142 109
53 133
0 50
84 69
199 166
183 4
113 100
170 109
50 198
142 188
122 1
98 23
130 46
160 155
13 181
55 194
151 125
113 94
167 46
164 13
183 52
144 82
85 172
95 196
43 77
183 48
68 116
127 53
76 76
107 169
56 176
36 17
37 38
71 80
90 5
99 186
96 60
164 179
173 119
90 18
74 198
26 54
197 69
8 40
30 62
109 64
135 111
103 56
138 95
195 186
137 118
157 84
74 175
191 114
51 192
196 48
167 167
128 126
5 72
182 63
115 11
141 76
119 49
118 25
193 148
110 122
61 62
63 99
104 79
4 75
196 191
50 105
51 31
178 136
98 80
27 133
188 16
178 191
70 28
145 125
166 115
9 64
67 194
121 113
48 167
66 124
93 151
177 64
42 117
89 104
68 161
145 179
128 4
62 56
22 158
185 2
5 85
60 61
32 138
12 25
124 67
29 70
146 51
86 130
82 1
91 192
18 177
179 36
99 30
119 167
72 107
120 172
34 151
164 148
65 129
179 98
132 194
132 162
168 11
189 110
129 66
134 193
2 119
16 120
32 49
23 150
15 53
175 8
59 198
14 129
138 176
38 49
159 45
4 95
64 62
123 20
114 74
91 168
52 16
25 120
45 124
90 85
130 153
99 42
7 5
7 18
91 167
10 190
14 71
85 106
35 119
110 17
78 50
62 55
198 54
64 58
1 74
72 64
100 120
140 130
144 129
189 92
115 170
117 81
61 62
131 28
185 179
65 148
17 137
166 183
125 55
172 181
22 108
2 144
111 33
62 185
69 174
49 42
172 109
188 34
113 90
141 89
43 57
188 106
21 1
95 4
23 59
131 57
25 89
44 12
148 135
47 109
187 59
176 105
138 14
198 167
53 168
99 163
188 98
63 43
178 7
174 138
130 143
32 12
104 67
98 39
49 93
24 195
156 24
178 186
154 159
31 83
147 82
29 78
156 166
44 135
187 103
54 137
13 20
0 140
18 151
10 87
72 64
135 174
133 69
77 15
5 71
166 164
111 73
20 77
51 137
58 195
5 39
18 113
159 67
172 80
21 13
170 110
154 60
16 15
172 103
166 121
134 53
110 74
160 103
77 175
196 24
86 196
51 23
174 93
22 72
173 154
88 149
131 162
72 17
170 97
171 32
74 51
30 181
52 111
179 83
40 72
134 0
1 162
124 89
174 144
65 141
61 193
181 67
91 134
23 37
146 21
104 182
101 19
130 8
114 153
197 148
175 141
53 0
32 116
51 159
18 139
49 189
165 111
52 191
191 67
35 56
92 13
82 6
172 38
197 117
141 139
81 20
146 101
194 43
98 160
11 165
138 23
100 139
6 59
95 86
105 10
55 141
23 133
14 61
193 109
192 0
74 36
64 189
147 104
83 108
196 133
59 39
86 165
74 193
89 57
117 193
159 10
21 110
193 94
7 43
28 90
23 91
182 35
102 137
94 85
42 83
138 27
82 80
166 13
106 18
57 75
165 72
46 159
166 12
73 187
113 196
121 5
123 164
49 76
160 110
119 28
148 120
83 23
35 67
53 26
180 194
58 93
116 174
117 26
185 157
50 61
186 159
168 32
167 81
151 114
180 158
128 187
183 7
46 110
81 26
175 123
91 62
177 3
193 142
60 162
54 112
90 43
25 105
144 130
58 91
104 163
48 51
67 173
128 115
72 106
192 46
153 157
98 46
6 3
141 170
143 69
85 177
6 158
73 87
68 71
128 55
55 55
115 46
51 173
19 75
158 76
76 12
91 154
177 149
166 61
7 140
127 46
127 22
176 4
161 148
160 120
24 32
196 193
156 158
180 171
140 97
70 135
191 59
41 39
88 29
0 146
154 23
142 179
189 72
125 80
50 145
144 163
103 44
144 26
61 77
28 79
154 5
51 17
14 95
190 185
191 87
42 111
134 163
161 53
87 187
15 151
138 176
98 124
135 182
43 151
100 7
100 86
41 46
151 166
80 27
106 4
103 162
118 188
110 52
143 154
145 129
176 160
157 5
4 64
189 27
106 1
86 77
161 55
54 65
187 140
95 24
101 53
118 11
108 24
96 176
129 74
156 157
37 44
120 110
169 180
190 16
195 177
43 162
140 108
13 106
185 61
95 167
83 106
179 52
96 152
104 167
181 34
121 188
138 121
195 128
42 108
175 182
36 140
76 115
19 87
30 179
196 52
107 59
8 115
164 54
128 0
139 41
150 34
190 101
185 18
63 167
100 48
9 44
157 166
6 112
120 42
18 110
141 79
103 21
171 97
71 173
33 164
188 74
184 51
3 149
166 7
51 12
77 180
27 5
189 79
65 169
125 39
118 191
161 102
5 158
73 160
72 64
60 155
126 65
48 187
27 105
126 92
6 6
156 172
172 54
161 148
130 84
117 87
145 197
43 38
175 120
55 178
137 75
180 41
100 171
135 153
25 167
92 109
124 62
154 1
64 141
32 173
112 101
189 119
131 187
148 92
118 26
42 115
29 95
39 136
32 100
194 24
102 30
146 101
193 152
113 152
133 80
85 156
33 108
84 74
73 150
101 194
39 152
67 48
89 64
2 3
55 94
142 126
199 72
35 174
112 91
30 104
177 43
141 131
135 46
145 21
50 63
162 194
22 182
1 19
137 79
175 131
78 85
192 152
26 173
15 17
193 68
186 166
111 28
169 77
58 64
51 18
178 92
193 123
34 38
198 88
140 118
116 79
0 157
139 120
90 15
142 86
187 71
113 197
165 99
24 96
147 199
183 17
119 162
173 177
11 57
101 162
4 86
95 79
149 188
88 94
18 154
165 168
198 146
46 190
72 193
150 92
119 30
106 189
195 52
156 51
121 192
118 90
162 185
125 53
191 11
185 57
115 12
15 160
150 53
18 67
8 52
135 101
119 145
162 74
92 2
128 162
103 144
54 88
180 128
118 91
73 80
199 61
155 146
72 113
113 11
51 140
101 176
141 23
148 141
130 130
43 164
147 98
102 189
89 16
157 67
104 67
93 166
129 81
194 148
153 132
87 182
31 57
40 117
157 164
105 190
117 197
128 108
42 93
124 66
149 81
130 71
48 150
154 13
124 154
98 70
150 14
96 55
168 10
109 172
120 123
9 68
1 116
110 197
168 56
11 128
22 199
120 73
190 98
12 91
41 36
26 33
16 99
129 117
16 191
108 39
157 5
56 149
112 63
25 91
194 183
83 94
17 191
179 189
144 133
66 198
25 24
153 11
22 76
35 128
18 151
12 113
84 15
67 170
0 174
142 30
11 44
66 190
59 37
30 141
156 8
86 0
160 2
110 62
189 5
52 178
108 180
22 182
29 176
197 68
43 114
161 70
71 174
185 122
135 1
144 109
63 14
191 103
8 51
195 155
133 116
40 150
112 115
100 31
81 4
123 90
175 193
67 96
166 31
26 111
99 181
9 134
47 111
178 100
124 168
154 17
186 10
38 99
63 31
132 192
111 60
100 171
179 61
95 147
173 185
161 187
125 44
122 6
152 114
114 62
131 160
85 169
111 124
80 195
69 181
116 134
66 158
122 107
19 148
140 6
101 32
59 182
70 22
144 59
149 58
27 82
132 125
56 152
171 163
114 175
50 157
155 45
93 56
42 36
104 173
185 180
45 147
171 81
12 155
82 83
199 147
84 107
48 104
139 18
171 57
12 4
50 90
131 52
100 161
131 102
160 169
177 181
190 69
124 65
138 176
10 195
168 90
49 140
184 23
71 22
3 144
143 74
62 33
152 108
197 42
106 75
136 110
69 32
111 99
173 13
110 179
195 169
118 65
17 80
83 15
132 114
141 101
30 56
8 157
124 80
38 119
76 4
117 102
78 190
149 146
146 37
138 85
2 116
111 61
119 48
130 191
56 79
23 199
114 139
180 160
69 23
190 117
116 88
42 66
131 111
53 21
170 103
60 166
191 86
71 115
6 25
164 170
56 27
44 192
108 70
37 7
153 160
127 149
20 126
106 114
158 181
105 6
97 126
152 195
128 88
186 127
51 8
174 88
51 199
102 196
154 11
12 166
143 27
137 141
7 104
153 82
196 45
66 111
25 121
188 122
113 60
64 89
144 190
109 22
56 109
175 9
176 16
84 187
85 163
195 181
172 84
94 60
60 151
174 48
50 7
41 97
123 8
56 159
73 3
60 198
25 144
185 122
34 113
30 155
180 106
79 19
4 76
54 88
120 162
69 36
170 139
56 65
54 194
96 191
166 56
53 183
99 47
198 126
21 190
13 110
65 99
80 102
30 50
1 32
123 55
62 19
101 123
43 90
146 137
1 65
91 96
188 95
15 126
79 28
0 92
5 91
15 11
106 130
167 108
133 195
105 32
191 38
52 103
106 183
157 102
73 125
126 37
142 11
135 128
24 97
185 167
40 184
56 141
94 51
159 25
138 82
39 183
166 146
143 33
154 87
81 121
10 141
196 117
20 165
149 30
146 41
38 28
129 152
181 50
112 89
68 82
133 151
86 5
169 163
126 80
49 185
66 193
96 109
89 168
141 83
173 120
198 146
170 126
134 91
63 54
62 154
190 100
133 88
124 69
82 97
14 48
52 169
83 87
112 99
168 113
38 33
11 130
168 85
173 193
117 83
28 182
74 181
126 160
124 104
11 118
64 162
107 57
44 142
174 150
163 138
29 18
98 182
118 25
16 163
73 8
20 94
34 112
160 193
38 61
99 75
61 135
164 53
183 54
197 37
104 23
189 9
190 73
152 20
120 158
43 41
157 72
138 98
65 146
158 121
14 36
5 105
198 156
121 53
73 64
8 46
92 45
102 147
147 110
103 106
94 56
37 90
88 38
142 106
196 25
47 63
164 153
185 166
195 69
23 51
49 10
132 194
20 199
117 82
166 66
133 191
156 177
37 102
82 90
20 139
108 143
44 8
3 104
169 29
40 84
62 84
155 144
34 113
151 125
193 8
162 89
189 45
96 179
130 56
21 183
40 159
170 151
72 78
147 10
35 99
44 121
134 102
163 27
108 51
118 117
41 118
116 16
28 163
84 159
131 79
97 110
16 124
54 190
31 165
21 107
192 156
101 58
11 75
171 37
190 19
132 47
184 44
155 193
34 120
50 159
104 7
78 141
158 120
36 110
106 54
3 92
21 124
155 120
197 55
46 166
45 40
132 87
115 151
66 100
36 14
170 23
149 129
96 69
76 111
60 53
83 15
118 26
169 89
57 197
38 24
0 140
131 37
150 68
169 155
180 194
130 152
64 164
37 139
124 111
80 43
152 113
30 44
111 43
102 143
129 92
186 199
130 75
151 186
191 120
176 33
68 77
162 113
123 156
164 171
94 155
175 5
176 115
19 161
84 155
62 100
160 88
188 71
168 11
97 24
71 42
85 122
197 153
84 35
22 63
95 13
137 138
98 199
194 94
129 30
33 10
125 36
52 90
96 158
106 99
37 45
191 45
14 194
51 44
35 155
64 104
149 144
101 147
44 66
199 158
108 114
57 178
92 199
113 187
95 47
132 62
123 115
85 69
104 151
198 87
155 199
62 87
20 56
28 63
100 184
174 31
99 150
177 8
87 171
41 50
99 45
56 4
144 70
196 9
16 29
88 93
116 146
112 32
182 17
166 19
105 86
146 114
0 114
24 182
182 135
68 126
100 71
148 151
147 165
181 32
68 59
156 3
3 24
88 196
117 169
169 141
32 161
117 163
33 74
175 101
78 149
49 31
29 123
8 31
197 24
39 8
173 57
169 28
5 148
130 154
63 107
162 54
98 185
181 41
50 16
150 129
145 129
53 16
106 34
59 61
4 10
102 143
49 145
105 27
117 8
48 120
129 30
152 26
173 58
63 174
130 47
1 162
49 119
166 122
2 17
178 77
134 59
49 56
19 67
125 148
174 109
199 14
56 11
16 186
70 186
38 61
87 159
62 156
80 44
176 64
163 112
92 85
38 189
106 82
146 30
16 23
127 31
16 21
178 105
118 176
141 94
147 194
18 144
113 72
26 136
121 42
169 2
102 145
90 15
65 86
137 149
145 123
114 26
12 130
67 11
94 189
27 55
181 3
74 106
196 8
27 169
29 93
156 81
58 199
62 88
176 114
1 18
10 186
103 25
150 174
173 191
123 50
155 85
61 113
167 179
34 134
127 95
179 17
33 164
80 141
70 124
71 25
190 185
147 177
196 22
135 153
92 100
77 51
116 84
194 33
164 6
88 182
195 44
199 165
182 26
78 10
77 180
61 34
71 130
16 82
190 105
61 99
10 64
139 54
196 13
128 154
55 132
38 84
76 20
77 83
146 82
179 116
48 123
169 125
15 194
28 11
145 25
40 114
40 81
165 83
122 38
195 199
126 87
89 88
85 129
96 80
134 35
62 18
145 32
197 37
27 177
192 132
137 6
187 51
43 21
191 13
59 102
155 66
150 10
90 171
38 70
114 11
196 96
154 73
110 87
178 10
80 35
49 119
122 69
172 61
69 12
14 165
197 99
97 167
147 124
159 167
63 161
102 77
102 89
91 155
162 197
37 132
24 175
153 153
2 113
135 142
42 179
5 184
169 39
12 105
104 15
176 66
80 199
138 44
164 166
93 176
192 142
120 181
158 75
123 47
31 92
165 65
133 74
79 133
9 70
139 46
57 197
186 141
73 169
107 187
39 65
79 111
126 183
145 90
120 38
77 115
53 83
70 193
18 186
96 28
3 64
63 64
33 143
64 91
83 79
52 6
111 57
13 175
2 0
165 72
191 28
187 145
139 22
88 69
109 186
1 115
134 35
144 15
156 175
184 45
8 173
130 87
153 68
92 167
161 52
59 100
89 156
124 51
159 80
75 84
155 90
79 137
160 60
131 94
78 33
195 145
41 7
61 166
113 105
80 195
42 195
80 172
3 86
109 11
155 70
174 142
45 180
3 176
20 15
140 23
90 91
113 20
58 59
55 146
15 36
64 56
50 1
7 32
125 36
168 13
19 88
199 17
120 72
172 16
47 59
7 150
17 36
16 95
195 166
120 157
120 66
144 180
80 184
31 139
163 116
89 187
94 86
116 63
25 57
18 9
0 92
38 153
43 43
102 8
152 171
17 32
48 67
88 141
167 161
134 69
158 153
104 74
175 164
79 80
102 116
130 185
149 95
31 14
21 57
58 87
118 149
73 185
192 53
95 34
169 77
69 193
36 85
73 27
82 168
15 190
190 178
104 149
141 150
23 78
101 86
108 176
49 128
53 56
24 122
100 112
41 90
65 163
112 15
59 105
62 42
158 53
24 12
82 65
83 160
14 126
29 144
153 92
135 170
166 50
190 96
120 97
87 153
19 146
38 87
56 1
147 83
121 47
77 115
100 84
68 140
156 26
29 67
132 36
11 163
37 64
194 195
185 52
196 157
77 33
193 114
68 195
104 163
134 185
199 52
169 134
147 129
51 50
120 80
184 190
95 171
44 134
18 8
17 182
103 77
104 195
66 151
188 196
13 31
168 88
173 171
43 164
63 119
199 151
40 38
101 199
40 2
79 16
44 9
35 81
133 101
153 49
57 31
57 57
164 55
46 107
44 67
144 23
55 41
43 146
179 64
95 150
59 130
198 187
11 161
136 74
94 107
186 99
147 92
191 52
126 135
23 188
197 141
169 177
167 133
63 118
26 143
38 51
22 165
68 199
50 11
172 15
158 30
74 164
195 34
134 45
14 19
99 63
126 103
186 179
175 8
36 75
155 13
17 168
143 139
41 177
181 57
144 93
10 12
72 26
0 70
165 145
193 78
3 71
98 192
172 45
145 157
10 63
63 19
94 66
28 42
109 105
155 40
129 73
180 0
7 142
165 167
156 124
62 150
102 73
7 29
118 198
29 32
76 86
137 53
111 178
175 162
113 197
13 60
183 183
165 56
43 172
121 118
124 52
182 24
62 150
131 53
174 1
79 136
59 192
158 85
119 66
103 55
23 57
30 137
71 180
80 87
46 67
84 20
78 91
98 56
34 7
145 13
191 84
185 133
123 37
128 190
24 61
165 87
121 155
17 117
75 32
132 35
55 20
152 159
98 131
183 25
72 99
69 65
180 158
44 23
85 15
160 141
152 59
170 71
14 169
41 78
81 125
70 65
78 149
93 187
35 85
74 124
82 109
187 32
84 169
171 87
42 112
71 67
82 101
139 78
169 133
186 57
32 18
9 104
198 91
84 126
47 97
101 155
44 121
35 97
91 173
75 169
85 158
96 147
100 127
7 156
79 133
195 105
114 84
70 153
74 31
128 7
67 69
71 144
48 193
101 89
167 173
111 125
159 105
75 87
0 108
6 106
41 63
143 59
94 114
77 135
182 94
182 112
113 21
59 178
109 198
133 131
115 15
22 98
20 40
155 93
152 67
80 179
56 35
184 182
8 195
178 128
172 93
154 56
79 159
8 80
47 197
127 30
93 117
1 187
130 20
169 2
58 157
29 108
168 120
90 50
105 102
126 89
16 147
199 8
115 193
171 119
127 73
119 111
196 118
154 26
163 123
63 12
97 94
114 70
87 103
136 72
126 110
69 105
96 111
99 146
91 127
100 71
50 22
161 193
148 150
70 121
154 157
147 150
35 110
141 165
184 96
1 113
33 170
143 8
7 34
181 184
92 167
175 135
182 39
40 47
15 70
149 140
190 78
38 179
124 161
73 109
192 71
198 13
75 117
161 139
197 164
174 167
50 168
131 165
112 181
2 86
197 76
65 49
70 194
69 80
56 37
152 97
66 100
8 131
44 159
95 166
179 12
1 177
59 124
55 44
57 166
46 13
10 21
194 49
34 133
134 14
34 136
68 136
107 169
47 144
145 24
35 141
86 46
163 68
157 124
165 129
24 1
75 72
174 39
138 110
82 189
192 48
121 126
89 17
157 26
94 56
91 107
40 63
19 86
68 197
197 158
6 103
64 110
99 47
166 69
191 114
71 119
66 27
196 61
65 158
163 153
53 15
174 62
171 103
64 37
84 6
192 144
198 48
62 69
89 23
6 57
2 118
193 164
54 170
85 135
16 144
131 96
173 191
178 196
5 42
59 157
91 5
56 55
181 164
178 7
101 24
31 121
82 22
125 49
156 127
110 149
163 71
130 191
167 184
56 122
52 161
159 75
74 50
49 94
43 145
175 191
184 61
183 153
79 132
56 17
49 141
141 78
175 166
0 195
40 13
198 44
115 156
111 163
55 23
59 160
57 25
13 37
79 167
29 133
84 176
199 155
168 96
113 110
43 50
194 5
45 118
74 17
22 134
162 181
38 13
138 68
130 161
72 51
76 18
16 52
99 55
120 174
144 154
51 72
97 105
128 38
194 36
39 160
80 44
60 180
138 130
56 92
162 172
13 68
54 131
90 182
140 92
101 186
147 10
13 36
96 6
76 177
175 21
142 70
145 134
16 36
190 177
167 49
52 5
98 90
164 135
134 107
51 168
179 123
28 136
66 195
195 132
81 67
180 137
131 32
73 47
47 41
193 190
152 136
77 64
55 144
51 88
145 154
175 72
117 178
58 55
190 149
21 35
6 176
155 193
112 64
19 120
77 176
2 119
122 62
143 72
156 75
157 122
56 132
168 45
101 80
175 113
2 40
43 11
50 130
93 163
150 192
107 39
122 118
149 7
15 148
83 33
142 173
51 190
187 183
125 96
132 184
161 68
8 10
137 58
45 196
149 187
72 124
0 143
23 59
145 162
117 150
74 173
179 180
58 173
166 176
155 111
68 133
26 183
124 135
140 131
159 151
58 9
50 98
160 103
50 68
143 172
196 168
50 0
19 160
33 87
30 29
45 30
149 51
117 90
54 35
98 57
157 16
147 193
77 133
96 156
163 126
173 117
36 81
170 124
11 175
107 153
163 83
73 109
57 35
151 53
102 51
37 22
154 199
21 138
71 106
181 174
147 64
136 34
121 152
191 12
166 169
173 43
5 5
30 108
7 168
83 32
183 118
71 122
142 192
166 43
197 56
136 66
68 126
83 64
109 39
58 113
117 3
162 62
85 115
120 194
95 44
148 37
108 140
37 15
107 181
3 104
164 23
97 198
38 140
68 9
128 58
13 179
168 26
111 123
61 94
49 172
33 72
45 99
185 173
147 194
129 84
180 160
30 85
7 102
20 190
14 185
102 166
87 184
87 177
48 118
106 8
168 57
146 155
141 69
3 5
121 186
154 126
177 21
110 64
172 133
191 198
130 2
14 82
171 130
59 90
33 22
61 167
59 183
49 76
2 171
143 4
83 22
154 88
87 111
102 169
98 166
128 84
115 79
158 146
54 96
103 123
55 199
170 137
0 152
3 178
111 158
69 198
110 198
32 108
48 55
3 149
141 126
41 171
66 79
53 61
151 101
39 11
97 90
142 142
112 22
10 120
164 73
99 150
174 196
70 135
123 116
93 84
47 145
73 45
36 182
107 119
26 30
45 22
33 61
134 48
66 149
14 128
37 176
125 133
136 94
98 156
72 79
62 105
164 34
194 15
75 2
71 37
169 184
6 122
74 75
100 0
106 182
142 108
137 98
18 160
73 61
133 172
3 76
54 38
72 137
61 187
39 145
150 60
133 185
127 181
61 151
141 177
122 48
51 171
46 98
155 93
134 187
189 119
41 31
123 66
111 13
123 28
47 36
166 92
147 155
169 24
115 167
111 151
185 7
131 188
67 188
102 15
157 10
152 196
168 57
0 17
25 18
197 159
126 168
68 15
10 53
3 71
128 198
96 17
195 153
5 114
42 116
164 170
44 114
116 144
30 4
65 29
86 147
48 6
169 134
192 78
7 113
4 149
22 176
170 42
35 198
94 100
172 42
108 122
18 61
125 56
167 83
106 155
59 93
40 103
169 120
192 46
27 93
173 53
40 171
114 196
68 8
81 5
0 69
123 184
5 92
175 61
163 7
3 152
189 174
8 124
144 104
121 156
120 94
21 163
180 57
113 51
4 130
90 53
79 6
42 190
32 2
149 152
131 77
174 152
56 186
148 112
86 47
41 128
111 72
66 15
139 23
175 172
189 83
11 110
158 45
190 136
59 2
91 199
88 175
183 123
141 2
32 130
7 32
73 133
184 11
33 146
44 89
45 36
103 85
105 34
189 148
41 122
158 146
167 166
18 189
76 162
89 108
136 72
138 87
177 69
124 29
11 98
53 150
62 156
199 168
40 94
100 68
124 49
120 107
129 26
56 180
79 19
11 81
173 37
176 83
152 159
3 125
79 14
140 192
190 27
76 37
84 31
70 189
179 7
73 58
42 148
194 95
84 112
73 67
33 190
150 149
60 196
2 32
196 41
75 182
156 100
160 163
81 168
177 143
194 174
180 145
83 60
172 2
149 138
54 84
0 14
13 23
121 27
31 197
47 66
96 40
110 10
95 2
109 104
25 70
102 48
34 149
5 7
101 12
118 63
11 142
177 20
90 124
40 91
103 31
172 124
130 70
19 179
99 160
90 160
171 115
68 89
72 42
66 152
109 130
188 126
56 160
88 29
57 28
146 114
120 37
127 69
97 158
74 74
45 88
127 37
165 199
132 165
3 102
6 161
120 174
181 185
137 47
136 38
43 161
153 103
169 117
152 88
34 115
136 59
14 14
169 129
53 43
161 8
2 22
137 112
170 162
152 177
157 74
63 183
32 146
23 67
167 75
188 65
163 138
108 59
61 37
117 88
137 115
119 21
71 103
21 46
19 17
176 9
60 8
133 11
196 199
105 194
13 176
104 125
177 99
70 112
87 126
38 12
113 122
150 25
114 69
20 50
169 120
189 115
146 181
168 155
118 77
179 80
126 147
49 40
92 184
75 79
160 57
67 117
25 52
77 109
85 70
54 63
174 112
57 10
101 76
66 72
153 26
85 122
5 47
63 20
187 66
150 50
145 50
22 66
187 29
106 7
69 18
64 134
141 81
154 77
40 16
107 97
178 76
44 116
52 158
138 149
155 98
81 2
111 90
72 153
81 88
90 186
62 145
142 127
41 136
7 125
20 184
20 147
147 115
82 197
142 141
121 113
101 11
7 107
144 195
163 114
189 84
93 163
195 14
160 65
88 117
69 113
1 196
115 111
56 139
25 51
197 146
120 76
29 197
23 47
62 46
147 171
2 28
141 108
20 57
190 70
104 89
0 99
127 167
40 148
66 188
79 132
27 4
42 156
44 181
112 109
67 148
104 169
191 19
136 177
3 8
133 83
185 117
126 73
122 39
183 164
16 178
137 75
80 96
193 5
29 28
8 148
65 156
130 164
77 49
121 141
120 6
96 54
22 153
133 77
8 184
111 191
171 144
71 184
106 123
190 105
73 17
47 199
76 195
14 163
141 164
61 54
43 120
22 65
102 34
79 135
138 91
182 177
60 167
29 36
5 55
128 126
116 24
49 68
23 87
156 96
114 139
84 195
108 196
27 161
9 160
166 146
8 191
187 2
121 31
134 138
56 66
139 50
159 164
89 12
87 70
98 98
198 146
162 57
156 12
19 61
63 178
72 65
85 49
71 70
166 22
49 143
120 98
180 92
31 171
126 100
171 8
11 127
66 48
177 50
149 163
185 18
166 38
51 101
78 74
58 31
178 160
151 188
159 64
188 86
171 24
165 42
128 16
155 19
161 33
5 49
169 1
80 75
43 55
192 45
140 114
1 176
92 111
152 128
99 60
193 184
162 27
195 147
27 180
131 163
182 120
133 185
13 168
101 2
187 64
122 142
12 169
64 147
62 136
91 102
91 68
10 105
184 91
90 72
4 48
62 24
69 164
128 74
197 183
152 110
128 2
146 51
27 170
123 198
65 13
95 45
20 43
30 141
35 75
157 179
116 70
159 61
84 137
38 123
173 132
171 12
148 45
16 191
129 5
94 59
188 62
181 145
34 126
193 27
145 3
138 58
13 4
17 142
132 80
42 89
149 158
82 14
150 47
0 151
24 131
185 188
155 194
143 188
125 130
153 81
179 22
180 88
141 84
126 162
70 125
96 148
198 33
170 37
49 157
140 144
15 167
39 127
105 135
8 52
164 125
58 73
167 55
15 175
108 80
21 56
115 34
129 127
18 45
156 127
4 181
26 47
122 184
68 74
98 12
192 111
18 37
105 175
136 1
132 102
91 80
63 10
46 188
52 62
145 62
58 12
113 69
113 83
48 124
28 179
62 142
79 58
190 22
129 71
179 23
77 6
99 73
83 33
178 175
87 79
100 165
197 176
171 112
89 126
134 4
130 9
152 173
68 21
65 166
177 101
40 15
182 133
19 174
11 179
99 189
130 24
123 13
43 97
87 4
71 55
115 4
28 71
126 185
160 175
169 160
135 145
178 114
125 108
38 56
198 97
9 199
145 120
111 116
184 46
69 130
51 30
177 72
86 177
6 24
29 85
70 3
25 110
121 12
185 195
180 59
99 174
161 5
78 79
40 74
99 182
148 138
103 171
133 147
28 35
116 88
16 177
57 110
146 118
82 128
160 192
67 166
32 102
77 93
145 128
157 5
94 9
169 26
49 37
57 30
68 57
144 50
130 25
78 1
147 58
199 124
20 131
151 170
167 20
43 51
54 193
97 82
154 51
53 161
92 43
114 116
161 1
31 67
177 80
64 130
38 192
11 136
33 26
168 168
33 57
60 193
112 175
156 10
107 160
78 134
8 183
41 140
1 95
20 197
138 107
158 100
107 142
26 133
61 15
13 177
131 24
112 72
120 70
144 5
58 146
54 114
139 169
191 199
27 154
194 128
148 119
1 140
147 10
53 133
75 62
64 12
189 35
165 142
190 123
55 8
107 177
3 114
49 68
192 12
21 139
196 8
184 194
176 181
118 193
43 63
8 108
5 8
76 170
77 31
62 160
52 143
183 163
108 169
145 164
167 2
15 193
78 117
97 152
135 21
139 118
53 56
126 172
130 32
192 138
85 34
3 148
57 14
104 134
188 89
136 81
129 170
8 193
195 182
14 134
181 75
92 142
195 189
45 37
148 1
124 128
62 88
53 187
182 138
159 157
180 9
131 7
67 63
142 113
194 142
94 149
68 166
153 101
68 162
172 137
32 160
61 28
59 31
121 72
192 91
120 1
92 113
171 195
6 108
10 99
68 135
98 117
86 28
198 51
157 190
176 0
141 91
23 107
98 112
139 148
163 48
27 3
121 128
172 53
188 137
33 11
167 43
47 100
58 185
30 80
191 172
8 36
181 197
84 66
85 97
13 42
11 8
105 108
147 133
161 47
122 9
50 6
25 21
55 143
189 67
191 54
196 39
131 74
47 141
124 159
67 181
89 113
184 100
62 163
169 46
137 175
147 22
80 195
95 113
124 76
115 146
138 73
53 86
104 47
138 107
176 151
15 7
4 9
18 80
110 124
131 47
199 197
105 171
169 166
122 26
64 123
42 168
46 37
185 161
160 20
124 15
74 173
58 14
15 157
199 63
90 173
129 81
145 58
169 139
15 155
184 16
189 54
127 51
118 121
181 113
32 100
49 87
99 157
14 75
161 51
50 114
155 183
136 37
56 11
129 192
171 138
160 177
122 80
153 140
52 196
43 162
49 39
149 146
69 78
62 131
15 191
29 24
84 106
64 151
181 86
72 182
41 48
179 135
142 25
59 3
198 162
158 140
57 1
72 11
63 77
110 107
70 80
199 61
193 109
195 86
5 141
190 63
183 29
75 25
175 170
49 139
96 78
19 66
194 86
189 10
104 166
49 40
156 53
159 123
123 63
184 60
21 152
26 49
14 176
113 49
178 118
152 61
124 78
111 190
96 187
171 32
84 105
45 41
156 89
144 47
140 197
67 68
176 171
148 78
142 175
140 39
120 118
175 58
170 18
49 142
7 112
195 143
1 198
95 89
139 36
100 169
148 155
98 112
154 127
165 136
178 42
145 8
129 170
83 40
86 144
195 47
49 131
48 12
127 62
61 74
132 152
198 5
67 17
154 159
84 115
48 69
36 39
16 135
124 10
96 109
54 106
76 76
88 193
109 199
56 151
118 82
65 61
101 149
141 182
166 73
133 168
55 166
162 190
144 11
15 124
1 151
21 161
112 98
49 110
61 136
33 44
190 154
176 67
77 12
2 123
30 41
11 151
95 154
196 146
116 131
106 50
7 107
83 70
179 52
71 179
29 67
76 167
117 32
26 100
43 174
58 43
96 66
44 104
186 173
65 81
26 135
90 101
170 190
25 149
165 150
143 24
82 33
195 170
107 121
166 193
129 132
191 34
199 158
56 130
175 165
1 104
81 122
77 186
162 27
147 102
198 24
18 44
169 172
135 152
167 0
188 94
3 73
192 85
105 50
123 47
43 2
110 146
89 76
31 36
98 72
184 137
75 194
32 197
113 52
3 122
182 198
170 153
35 192
22 52
36 26
8 98
33 106
159 116
63 74
43 176
150 121
19 152
101 31
49 12
61 142
10 38
122 183
165 110
125 68
13 45
179 183
191 190
184 10
98 186
90 196
67 190
169 22
98 129
185 65
49 117
90 11
76 103
145 53
85 97
164 198
142 83
96 20
6 8
105 187
52 130
176 160
173 33
63 121
9 187
97 148
22 119
116 115
79 181
1 88
175 62
131 147
81 196
179 148
3 189
83 112
162 73
36 88
68 107
16 138
9 122
25 137
85 100
122 165
66 123
136 121
18 96
43 108
35 26
181 55
56 165
165 44
143 80
9 31
139 33
77 91
28 13
196 128
197 183
92 157
176 180
87 104
45 61
11 57
46 109
159 28
9 78
143 129
60 175
94 45
184 122
31 36
76 131
129 59
148 23
84 80
115 40
52 140
155 7
193 26
123 88
124 182
126 126
5 12
146 191
107 9
89 90
19 63
67 135
106 3
113 167
133 191
192 105
168 175
197 50
61 90
151 149
108 196
124 86
187 141
35 139
131 155
178 157
157 87
167 130
87 181
171 6
112 73
187 151
196 136
81 44
26 73
0 105
64 70
14 31
109 45
9 157
175 20
186 73
159 84
54 166
80 181
21 142
22 151
179 2
4 61
118 55
29 163
111 186
124 168
36 80
88 89
123 5
82 128
83 163
31 146
34 33
160 123
34 80
175 112
102 193
15 2
71 99
79 180
188 110
35 159
38 117
19 49
86 118
67 74
79 40
103 83
147 141
39 86
193 194
20 101
23 106
12 7
72 59
104 166
143 173
123 109
140 111
108 30
134 183
184 41
104 133
171 33
76 16
21 129
179 79
37 149
174 103
127 70
34 119
40 72
4 75
97 52
182 60
185 148
50 78
108 169
162 99
23 21
95 85
179 28
85 64
179 45
148 74
65 197
88 42
92 189
135 144
61 112
4 84
132 164
27 61
39 20
19 123
176 48
128 154
179 39
166 181
64 6
53 46
138 180
57 78
9 50
184 97
51 34
73 15
115 7
122 156
183 26
192 172
125 14
60 33
105 13
99 46
143 96
29 60
156 104
139 121
168 4
30 3
167 181
109 43
82 90
87 14
169 169
159 160
121 27
55 68
20 137
31 26
106 79
72 161
61 104
12 49
163 115
74 78
196 90
53 141
84 175
7 53
195 107
112 22
84 33
183 12
191 171
125 84
68 124
189 135
86 5
88 99
10 160
111 108
115 42
12 167
158 166
3 166
64 189
3 80
163 66
150 182
116 118
159 119
161 5
33 22
154 171
162 180
22 52
136 82
72 158
69 51
196 82
113 67
47 194
46 75
1 128
96 172
119 143
192 191
194 145
121 123
141 28
111 74
175 107
83 120
95 99
151 118
168 22
122 84
158 11
182 121
180 155
21 176
59 32
151 79
140 60
39 152
92 41
167 89
61 13
99 109
97 23
101 171
191 115
182 74
69 86
68 108
166 135
100 74
37 63
129 92
101 158
148 189
147 192
93 114
132 64
138 2
159 198
184 43
63 67
151 154
189 45
188 139
23 154
78 87
80 30
27 5
27 132
70 103
71 140
182 34
123 45
116 122
96 8
79 118
156 191
79 79
188 17
55 22
3 51
36 62
167 146
138 131
36 184
160 101
149 122
10 147
184 143
168 159
97 151
55 157
15 57
95 69
68 112
150 154
109 150
54 167
57 67
50 54
73 106
58 162
188 82
52 118
42 78
84 146
181 192
145 77
92 23
83 135
30 7
195 159
119 59
69 163
176 92
98 196
117 136
41 50
15 53
36 51
15 41
4 72
62 54
191 123
125 25
86 101
22 6
54 54
68 10
103 160
53 18
54 111
167 59
6 167
70 169
28 170
26 156
49 178
41 41
15 194
87 4
32 194
44 174
122 21
142 34
175 165
45 171
65 20
74 99
50 42
180 10
129 72
198 39
90 4
40 177
32 23
34 93
155 105
37 32
6 57
34 166
44 16
185 110
43 122
59 190
161 167
157 21
85 65
37 186
139 51
99 31
28 0
78 181
121 3
45 103
25 169
57 64
65 142
135 153
38 135
146 141
181 194
149 131
82 73
15 87
34 189
119 80
87 31
181 131
8 106
151 80
66 6
33 61
121 56
133 42
130 107
155 176
73 31
144 187
76 29
128 93
174 16
149 77
29 141
39 40
10 158
164 187
63 158
191 176
13 164
198 193
146 168
152 139
108 75
167 165
32 9
107 55
86 24
46 148
56 84
5 197
46 161
89 91
112 126
30 146
182 44
149 161
7 96
66 98
3 126
197 121
123 42
141 88
82 13
112 23
63 150
89 51
9 157
106 90
141 94
146 174
56 48
118 198
170 184
95 125
49 94
99 197
183 31
72 28
191 71
140 61
60 134
10 98
199 50
181 82
168 3
93 198
81 110
39 161
175 178
125 137
52 75
51 107
188 131
193 188
81 180
176 122
199 80
119 184
13 141
144 3
113 184
141 58
165 156
59 173
3 132
191 22
85 106
6 132
184 31
62 60
198 3
90 81
25 33
135 3
11 180
156 2
18 153
159 125
166 93
162 38
175 150
98 102
122 92
159 67
10 94
50 6
54 140
84 50
81 23
16 91
189 16
133 188
29 5
147 152
92 86
50 152
148 51
78 103
177 196
162 51
159 53
0 121
193 50
175 140
89 25
117 167
87 163
33 109
114 128
195 27
104 157
169 191
112 80
8 133
65 167
177 139
128 17
33 178
164 163
166 31
118 18
92 175
190 57
38 10
176 33
28 154
91 176
5 6
62 165
79 66
73 14
167 174
28 179
65 130
119 128
147 25
111 17
63 112
33 123
158 5
94 15
38 34
70 131
37 20
50 27
16 33
2 1
93 112
160 125
56 172
80 1
105 116
59 39
62 53
156 106
137 71
155 105
41 40
13 123
110 110
168 141
179 165
93 41
197 194
98 178
94 162
57 93
155 44
20 182
47 149
31 142
117 1
105 21
173 103
110 75
160 64
138 6
62 115
115 164
11 76
100 102
71 30
35 94
99 58
92 183
66 124
124 142
135 179
52 42
137 168
151 32
106 84
66 186
0 73
191 126
187 86
117 73
147 18
127 102
130 6
6 118
30 91
77 36
38 99
186 124
41 107
14 104
114 16
66 182
15 100
160 87
84 51
177 157
52 87
85 20
18 42
25 73
42 107
95 120
49 176
46 116
25 158
102 100
37 18
119 189
26 58
6 128
66 118
170 167
7 112
97 163
46 180
66 161
146 22
64 18
41 55
65 142
3 0
42 39
151 8
37 199
151 189
101 66
127 104
190 40
190 129
85 101
132 90
46 174
1 182
110 66
137 120
145 129
27 89
37 69
157 163
120 136
172 73
44 135
83 17
30 9
193 86
39 147
87 87
64 59
56 97
128 177
100 86
64 165
133 59
160 195
85 15
170 74
184 51
87 39
11 78
26 46
167 156
152 63
121 96
102 39
48 67
151 40
121 24
22 194
192 175
152 94
34 164
158 161
3 157
35 146
95 173
174 50
104 35
30 168
137 122
104 93
22 6
182 131
182 191
62 122
1 119
151 40
199 89
126 135
65 182
164 9
85 125
131 171
120 144
7 132
19 144
48 43
52 68
140 77
21 96
167 153
130 94
65 93
191 30
140 54
50 64
5 122
72 98
17 43
129 57
17 173
150 166
0 189
118 29
185 122
198 171
85 40
79 131
69 73
158 4
91 11
102 26
89 119
66 49
162 90
199 72
109 193
73 1
51 84
130 67
86 163
28 110
132 53
146 151
1 5
143 118
19 174
13 6
123 107
50 89
70 5
33 186
38 51
124 83
82 125
147 121
16 141
14 135
69 198
134 189
89 2
197 173
188 62
152 12
51 106
174 114
179 104
42 130
95 32
183 7
83 26
77 153
103 186
70 32
94 197
118 154
106 48
60 149
58 52
194 86
144 150
9 106
50 119
182 131
57 122
170 92
82 156
169 21
50 168
137 140
137 71
172 126
1 51
14 65
60 83
155 47
126 143
137 159
101 64
166 15
46 96
71 61
179 50
112 82
129 115
149 100
111 115
37 64
105 10
181 144
80 50
125 42
190 167
141 95
147 127
105 111
104 37
121 17
50 143
18 99
73 154
59 37
141 11
46 151
120 34
110 194
42 159
104 58
95 17
196 131
38 66
55 45
46 89
122 63
136 141
150 188
72 177
182 46
80 22
186 149
74 66
71 13
71 178
155 59
81 14
151 92
27 96
164 177
65 8
73 102
87 163
17 40
93 28
14 181
15 102
149 125
57 56
10 92
87 134
41 81
34 63
193 94
3 92
67 54
107 105
32 179
126 65
121 84
103 130
183 137
172 138
1 109
63 17
107 72
77 119
72 18
150 48
82 138
78 42
14 17
96 7
176 198
28 2
95 0
166 146
155 37
95 189
161 74
176 145
127 159
130 119
108 54
180 121
6 132
112 93
148 126
76 181
197 40
44 58
0 184
142 163
187 19
89 177
115 184
129 17
127 83
125 173
153 199
173 66
87 93
80 172
6 124
5 156
42 28
85 119
9 6
148 126
187 148
18 177
6 82
30 129
63 153
194 106
7 155
89 59
195 19
186 57
58 6
98 83
168 116
197 106
43 31
118 71
41 41
186 106
135 52
73 174
172 195
3 171
7 174
121 136
58 177
71 8
101 85
119 133
64 88
73 28
100 91
71 0
56 84
175 126
169 176
69 17
59 174
85 50
50 130
166 142
128 32
183 93
149 57
12 75
86 127
156 119
158 104
145 172
37 28
120 67
199 86
195 25
163 190
14 53
105 158
130 38
20 32
30 180
77 86
133 135
38 18
192 94
90 167
30 15
25 199
149 196
150 168
143 72
74 164
53 141
60 104
98 18
140 25
102 79
139 90
147 17
0 1
53 130
177 182
188 187
109 88
137 69
55 161
122 190
125 194
20 163
133 19
143 138
68 146
4 162
126 98
86 195
177 161
11 151
133 187
66 138
25 4
1 187
169 50
148 78
55 174
26 37
182 107
194 172
72 104
38 34
105 18
2 8
106 73
75 16
73 132
53 60
35 7
121 34
22 171
193 1
175 57
72 71
95 26
121 61
154 125
111 178
44 107
14 118
1 50
120 158
49 148
97 107
7 81
166 162
126 131
187 126
20 127
174 53
189 190
25 6
58 163
144 138
146 133
113 149
52 52
165 131
193 84
198 64
156 12
144 156
14 156
170 83
91 150
154 165
125 112
47 16
137 160
117 186
157 150
174 33
158 124
135 93
80 84
122 146
59 189
186 134
180 145
3 192
108 24
186 42
185 158
174 49
110 4
152 3
84 41
87 89
40 164
161 59
177 188
79 57
3 102
29 22
36 147
123 60
196 31
197 31
149 90
1 190
68 84
165 11
101 161
98 167
193 43
94 160
134 33
162 33
40 28
175 33
43 60
190 73
61 116
150 81
186 20
26 42
131 121
13 184
92 40
75 0
36 160
44 84
131 117
198 42
169 121
121 36
66 42
130 134
172 180
135 25
193 65
23 175
30 175
70 192
82 74
46 56
123 12
173 26
65 152
62 10
73 36
187 93
158 122
174 87
46 81
36 87
111 91
25 76
102 43
37 185
75 100
33 170
168 80
163 30
18 84
188 185
20 103
78 133
144 192
22 99
82 93
7 167
174 65
119 30
83 33
199 199
8 82
45 148
140 14
30 11
150 122
138 38
15 82
3 7
193 147
169 73
180 158
106 170
37 25
22 76
164 177
160 92
93 183
159 10
48 38
35 20
21 76
79 35
88 47
132 22
42 98
31 40
98 72
69 157
41 179
164 173
30 48
93 145
19 29
2 47
179 118
188 94
86 74
156 70
113 78
31 63
119 186
121 12
75 90
59 58
101 129
141 117
109 97
83 195
65 169
112 51
149 120
126 143
186 69
28 146
71 192
177 186
114 193
150 81
87 183
30 49
30 196
4 21
130 26
174 57
0 45
123 137
192 139
59 52
24 127
81 42
64 134
87 157
90 4
6 37
156 102
147 152
155 111
196 57
79 75
170 111
83 180
68 103
37 77
123 35
165 94
68 182
163 124
9 175
188 138
164 150
49 153
197 42
143 167
27 147
131 22
7 14
45 60
29 82
157 126
14 46
141 176
12 6
114 10
171 75
93 109
154 145
40 55
185 4
6 190
70 6
99 141
82 127
99 0
152 42
158 156
1 9
112 56
67 183
92 171
185 19
85 83
164 53
83 106
104 76
147 90
130 41
21 172
137 70
11 91
6 196
106 158
92 127
8 178
100 150
105 87
104 165
41 31
26 21
70 125
92 169
15 51
82 109
134 166
45 171
68 141
52 61
29 105
113 161
79 34
174 99
170 94
185 98
85 115
18 2
49 189
78 144
14 145
136 180
104 80
179 128
182 124
6 110
66 40
22 54
89 89
113 128
91 28
50 94
143 114
120 66
10 189
72 50
116 125
185 87
118 44
32 162
22 97
166 144
87 128
12 139
61 93
2 43
135 109
189 46
64 50
84 4
190 52
111 74
144 85
79 81
56 112
74 62
170 121
92 85
135 170
94 142
54 38
159 155
159 46
165 47
17 122
150 83
75 152
72 80
129 71
82 138
14 143
182 101
10 75
77 44
70 112
29 165
115 10
129 41
60 160
1 135
18 86
0 75
151 8
40 9
179 130
174 36
3 2
28 81
48 199
118 67
135 5
169 100
23 12
197 166
141 181
154 34
142 7
149 151
184 69
86 176
36 89
149 81
164 61
111 194
75 27
48 31
159 55
5 114
9 55
12 45
174 183
65 156
89 69
142 17
42 163
183 69
115 116
111 181
84 4
3 138
53 30
54 165
81 188
118 22
136 161
126 192
143 194
147 33
57 162
139 9
163 79
111 12
175 93
4 94
115 124
83 158
141 154
61 15
113 55
5 10
18 104
91 115
10 132
16 13
49 154
33 185
86 33
63 131
70 28
197 153
27 80
164 103
181 62
62 133
62 95
177 93
79 42
11 53
115 49
66 62
144 43
58 56
155 64
119 10
94 158
198 180
192 137
137 35
106 107
177 70
102 160
108 9
131 186
81 16
38 24
29 83
148 154
63 109
74 131
5 27
94 4
193 106
195 13
172 131
98 171
173 43
26 154
94 113
195 197
118 43
134 132
42 64
102 55
5 139
162 16
56 110
90 167
164 65
169 55
92 149
51 89
56 18
69 54
145 77
174 10
8 136
170 113
20 20
24 23
155 171
174 95
9 104
154 102
150 125
126 18
134 162
169 23
115 72
17 89
85 73
61 142
99 182
72 161
53 123
84 70
56 87
64 168
125 174
51 149
71 68
177 123
160 76
193 190
149 67
93 52
163 168
199 25
59 127
58 194
50 21
171 86
173 153
125 78
65 94
154 153
91 10
122 23
90 179
85 110
51 99
47 44
62 102
112 171
124 189
198 98
177 184
188 124
8 111
175 190
131 72
196 155
54 63
93 26
102 127
64 103
49 140
191 11
83 138
155 174
112 56
16 86
173 12
113 175
25 154
87 28
9 64
168 60
171 141
107 127
187 173
127 71
35 66
42 91
131 196
17 21
164 38
2 29
177 74
29 26
120 172
181 109
40 53
182 162
141 179
157 193
128 29
87 134
131 24
96 166
54 31
134 199
71 170
136 141
154 12
158 74
39 172
19 35
3 165
107 14
141 33
119 92
185 70
14 104
110 40
32 114
125 109
28 6
188 197
164 70
20 152
8 1
158 8
91 87
186 4
191 20
183 0
81 152
172 54
163 169
14 63
168 118
62 114
128 172
62 1
197 147
63 108
71 17
165 157
169 97
32 149
118 48
178 142
121 127
44 170
44 77
168 79
112 111
3 62
190 51
31 197
11 74
16 67
188 124
155 66
128 165
81 142
34 142
56 113
195 175
57 83
92 10
143 156
134 81
57 83
103 98
77 164
84 27
162 35
81 28
181 152
92 109
8 7
197 7
124 67
27 112
88 164
74 181
11 46
56 51
176 56
141 143
192 177
9 128
140 178
82 104
124 67
2 61
1 31
136 163
143 121
40 157
158 68
59 119
24 82
116 148
192 120
4 2
100 147
26 18
34 157
152 70
102 91
189 161
146 80
183 23
107 171
179 18
123 89
176 8
11 150
99 120
56 3
182 75
192 122
72 121
115 157
146 125
167 80
175 12
15 137
95 74
141 21
155 38
66 92
104 138
140 125
16 32
123 174
181 36
187 67
68 63
116 25
111 39
109 67
166 175
59 181
154 48
199 151
192 191
67 152
3 89
143 78
195 156
50 115
196 162
117 32
81 52
127 91
23 95
55 199
18 149
66 32
49 65
96 198
153 175
4 92
135 198
33 179
148 115
141 35
135 198
20 158
82 158
176 96
8 126
164 56
161 65
76 125
81 88
78 189
93 70
87 191
196 130
125 143
94 69
177 132
61 148
159 120
145 171
6 139
31 28
72 123
185 63
58 80
128 148
105 106
11 21
89 125
26 39
114 93
46 78
21 14
73 100
15 152
6 77
47 161
183 182
75 8
6 182
13 43
119 57
12 185
39 197
118 111
88 157
138 71
79 137
55 9
190 110
19 138
138 93
137 138
82 4
1 50
91 112
89 45
197 4
3 33
197 108
123 146
140 159
166 78
152 166
177 196
161 73
116 185
82 63
107 58
41 120
67 131
14 159
14 7
193 134
3 184
56 122
83 109
162 23
146 103
118 113
91 135
21 196
81 152
185 191
71 29
54 56
67 13
54 111
163 61
16 85
131 115
18 98
76 94
45 40
75 19
110 183
24 150
23 138
34 132
152 82
53 114
158 106
1 133
32 188
197 194
88 167
54 96
31 128
150 50
164 59
120 90
183 118
187 61
99 33
99 41
79 54
63 38
164 156
30 135
44 157
71 125
38 113
30 33
11 50
93 34
6 55
85 32
187 136
87 143
15 63
169 16
134 127
76 83
111 85
130 64
153 147
0 107
152 126
51 17
127 140
0 159
162 86
54 121
49 146
93 72
108 139
196 108
139 133
174 120
107 77
87 93
2 94
175 111
126 129
35 47
121 32
60 196
15 86
98 178
112 21
23 2
1 71
117 118
59 5
190 191
60 160
53 74
76 187
133 81
59 41
146 12
147 60
38 106
88 149
122 86
50 193
173 132
140 159
15 187
124 72
198 198
169 128
154 16
10 117
105 40
68 141
69 61
113 168
29 35
0 16
40 161
29 157
80 9
26 174
119 109
28 82
52 51
175 152
191 163
108 106
19 15
91 149
104 109
160 96
142 126
122 146
109 141
103 117
104 14
15 60
197 199
154 41
127 42
141 24
187 8
183 37
35 109
160 132
158 45
9 190
158 134
164 132
13 0
1 106
63 40
68 127
44 17
128 10
126 149
25 71
53 168
118 160
151 54
82 36
23 99
43 123
144 154
162 111
145 2
198 1
93 98
157 35
182 13
15 105
197 124
44 87
175 69
154 36
127 59
10 37
79 92
87 76
25 56
89 126
190 60
152 199
84 79
95 161
144 198
170 196
190 109
39 167
65 75
95 108
186 35
3 25
92 127
43 112
134 152
37 65
193 174
53 60
134 0
139 24
111 170
124 104
135 48
42 157
81 126
173 127
165 100
180 7
175 136
0 130
171 130
103 94
89 27
182 156
88 163
13 44
6 51
124 162
29 80
136 175
172 85
193 97
119 135
198 143
173 195
96 151
47 154
175 6
67 130
75 24
27 55
134 192
90 150
164 15
75 50
122 121
193 63
58 121
22 67
164 196
117 190
69 186
148 79
171 48
106 54
133 19
161 121
135 165
191 78
142 183
151 154
64 183
103 134
37 167
169 114
47 179
70 119
95 198
134 104
64 99
6 80
153 122
50 107
20 38
40 1
18 196
144 196
26 143
3 87
151 128
160 69
82 155
191 87
48 66
183 24
198 119
93 194
1 40
161 139
186 52
133 72
75 26
143 197
155 47
115 94
194 3
70 137
27 168
126 53
149 109
58 15
143 107
86 76
12 163
34 86
174 156
172 160
83 111
61 171
131 162
6 140
173 171
44 111
101 118
130 56
51 72
153 187
167 171
3 157
92 58
100 35
184 2
86 163
111 20
50 89
161 134
109 182
65 133
127 142
93 84
93 2
81 198
9 129
165 48
5 101
108 160
145 180
178 161
114 76
51 9
36 34
1 124
61 194
70 182
187 22
108 124
5 54
48 78
38 171
184 169
25 105
52 142
123 144
77 117
148 60
80 10
87 37
122 123
41 198
121 131
198 111
168 13
37 8
5 52
126 68
94 14
174 2
47 7
180 43
114 24
160 110
169 90
142 2
108 185
50 161
95 29
107 148
136 104
173 78
77 59
99 184
115 133
89 157
31 121
150 88
140 142
183 41
87 17
97 122
163 22
31 98
145 90
4 76
40 23
162 21
174 96
43 120
48 75
130 0
66 89
116 103
161 0
4 62
31 22
27 109
131 7
186 40
165 126
164 170
9 42
184 18
85 21
13 125
104 134
46 176
84 87
9 184
177 182
160 143
13 171
113 175
139 191
82 45
148 52
124 180
102 38
169 30
50 120
78 130
127 2
38 158
187 16
41 6
134 101
196 16
148 152
25 66
181 161
148 34
188 69
79 112
1 108
155 24
122 20
171 131
70 129
56 132
34 116
34 146
14 57
166 180
193 164
53 82
142 40
194 138
81 43
172 17
148 67
130 62
163 92
185 128
181 138
52 122
99 175
172 3
113 29
19 102
178 179
41 125
14 136
61 140
190 183
181 6
85 61
164 38
143 48
109 59
151 192
86 121
23 86
131 195
120 123
170 157
190 141
162 103
10 14
146 107
99 186
58 128
184 186
123 42
72 74
73 107
102 157
19 160
55 93
26 178
165 160
24 35
111 114
83 15
93 58
72 98
162 30
52 169
26 80
47 132
79 45
16 182
59 4
185 3
146 37
28 1
127 193
61 182
149 39
42 74
183 32
165 127
51 16
84 155
162 159
67 162
15 89
186 8
67 186
114 183
179 165
179 41
185 35
62 82
33 181
131 197
176 92
178 120
91 94
159 195
32 128
79 30
65 49
156 177
165 3
105 22
17 84
64 85
119 22
97 49
129 160
186 109
30 133
166 38
112 155
174 66
74 3
72 134
15 40
157 36
166 137
115 186
150 83
199 77
1 35
179 65
72 170
183 157
25 191
9 190
85 2
98 178
29 9
105 49
193 70
77 104
9 194
8 38
3 5
143 132
81 136
131 116
101 59
81 56
7 144
192 137
42 108
79 75
189 106
167 20
195 33
80 155
121 12
3 183
96 69
121 18
0 48
146 134
132 21
83 20
169 169
95 132
148 0
131 153
119 82
76 84
117 55
122 184
107 130
8 133
116 126
194 68
87 166
177 184
93 117
7 105
186 133
139 133
14 67
59 140
62 13
76 166
155 20
19 17
46 149
158 5
82 6
161 94
29 111
5 185
66 91
197 184
69 102
180 68
127 115
153 32
107 159
111 2
164 81
134 61
34 59
85 14
120 86
139 99
134 166
115 59
50 88
108 81
183 143
73 96
51 47
144 42
75 180
73 44
183 171
120 18
142 117
69 72
22 158
91 0
159 37
92 18
154 19
57 194
142 177
55 95
111 112
57 186
51 139
176 167
184 161
55 83
193 60
187 51
185 155
190 81
14 79
150 140
13 56
68 32
120 146
65 92
17 66
49 92
146 69
25 69
4 58
88 77
93 32
37 151
19 54
50 132
133 176
98 150
17 87
78 1
111 160
10 41
133 93
68 157
13 83
198 51
159 60
120 64
47 68
29 108
115 183
158 35
85 71
0 91
42 116
101 50
47 143
39 68
167 61
163 132
106 190
80 79
194 33
163 102
150 103
186 92
142 194
83 29
175 128
126 56
72 116
70 198
130 73
19 141
123 6
192 188
135 76
162 158
133 32
186 88
51 54
8 34
137 101
94 161
65 39
78 112
169 109
171 48
23 160
68 146
17 88
38 40
86 94
130 187
88 193
40 138
47 42
54 74
117 28
163 82
162 109
28 193
28 149
78 34
90 31
89 96
50 154
76 87
55 59
42 53
73 150
188 164
121 51
79 18
97 150
9 131
33 2
20 154
74 20
124 162
38 166
182 62
167 198
32 39
49 98
110 138
26 94
175 48
136 91
91 34
143 101
3 198
8 16
28 171
2 131
96 48
9 36
57 131
192 90
160 14
85 95
45 177
4 145
64 183
161 64
92 155
107 53
192 109
36 150
97 83
103 20
112 101
116 67
61 164
58 12
65 90
74 138
34 0
193 192
96 109
63 20
91 118
172 12
65 86
182 17
154 110
36 52
149 188
134 75
145 183
181 73
167 126
127 190
198 36
53 36
36 185
118 12
74 93
69 80
163 132
38 54
102 56
123 24
165 42
1 129
92 191
27 117
168 66
161 52
146 99
16 15
165 103
176 94
42 55
122 73
85 38
161 124
100 114
173 20
122 143
153 118
19 197
72 80
158 41
16 138
199 111
189 138
95 177
19 99
188 53
109 148
72 6
60 53
99 8
175 9
86 199
26 95
123 88
186 181
16 143
57 30
74 110
31 134
92 12
44 150
122 59
7 14
116 150
32 133
103 134
177 169
15 196
117 153
154 126
3 24
114 62
65 42
196 145
97 86
149 146
81 151
66 137
165 59
102 75
9 139
182 6
132 47
191 199
148 84
115 161
52 174
39 178
18 170
87 71
9 182
199 8
72 178
61 170
87 121
92 8
166 65
28 144
143 174
108 169
5 24
134 44
116 197
67 87
186 22
154 191
3 5
25 142
175 199
143 146
2 174
23 35
79 179
95 114
101 188
87 135
14 146
95 107
177 35
186 31
82 1
172 39
16 86
168 102
33 105
52 30
145 93
118 40
114 163
68 110
158 15
39 197
117 70
49 15
137 130
182 88
61 113
81 90
118 66
174 129
126 164
137 74
158 56
46 12
197 174
58 172
42 167
34 49
195 119
103 66
186 98
161 38
137 81
160 107
36 16
97 66
117 89
68 139
77 81
165 73
45 47
164 101
154 8
3 193
50 55
131 193
51 121
9 143
69 28
127 6
91 165
191 179
166 163
193 190
188 101
123 179
106 162
90 14
103 63
187 127
111 114
101 63
36 100
26 149
56 194
127 32
153 43
186 67
144 141
182 12
12 70
155 98
152 17
121 181
162 130
49 182
196 65
176 18
70 82
195 52
179 136
130 74
187 147
101 130
29 145
156 157
56 182
34 107
107 88
100 5
98 90
74 22
66 32
99 154
132 159
134 101
99 170
33 122
124 159
125 113
93 64
66 179
45 181
133 58
162 54
64 194
35 141
192 32
55 162
2 138
124 131
97 55
171 168
12 102
12 148
107 140
70 87
106 126
145 68
182 37
49 134
25 159
121 28
12 18
160 178
178 145
178 173
2 126
54 159
188 45
126 131
166 84
66 167
138 91
129 170
106 88
163 109
187 122
138 35
33 111
54 29
44 195
183 180
161 31
4 48
198 125
67 23
49 100
19 177
53 194
161 100
55 167
141 168
92 51
192 87
104 179
140 17
105 69
75 182
20 1
135 91
186 114
168 138
121 145
47 58
7 28
144 84
2 22
89 99
54 175
82 116
18 119
46 110
61 101
113 35
71 130
119 174
26 66
150 193
23 185
7 159
146 149
110 61
145 109
155 18
106 8
143 90
63 186
172 64
169 148
129 34
27 80
22 17
140 93
89 13
138 47
66 131
15 197
117 56
81 146
59 29
62 163
47 177
69 144
116 140
70 149
191 54
151 155
52 59
159 74
172 140
125 133
143 108
92 188
116 131
88 66
68 193
68 37
53 48
81 155
178 197
30 120
186 116
155 43
198 46
5 30
31 77
8 177
182 132
152 95
174 55
35 105
69 161
169 86
21 129
191 14
74 152
17 7
132 129
64 48
163 79
77 143
15 20
27 185
85 102
158 173
4 11
55 79
157 113
92 83
135 14
194 46
67 2
45 85
84 76
25 188
35 75
82 27
5 159
173 107
63 51
9 76
97 95
173 68
142 171
165 5
69 192
21 189
159 117
21 127
73 67
167 56
173 99
75 78
173 39
161 45
38 105
63 129
60 10
141 135
119 113
104 165
58 180
107 71
93 74
195 166
88 65
82 196
42 13
56 159
103 90
131 156
180 169
87 63
123 68
53 55
180 77
116 60
32 28
151 172
82 91
151 156
193 167
14 21
139 107
181 126
79 153
164 39
88 30
4 109
146 142
46 18
8 142
82 101
152 56
37 123
24 69
11 51
71 102
39 175
131 94
15 3
130 191
189 64
78 79
140 157
11 119
113 12
96 0
161 176
153 188
57 62
192 163
192 9
97 149
62 159
128 153
72 153
106 175
145 98
138 120
94 155
39 135
137 15
94 143
173 130
169 160
8 174
40 181
162 21
110 76
2 48
43 125
193 173
118 153
18 6
146 84
109 132
163 65
102 74
30 50
116 196
81 191
101 44
157 130
84 160
167 54
141 74
143 195
116 112
193 24
129 112
62 118
70 141
49 27
148 171
90 3
178 74
130 169
65 14
139 15
67 20
151 118
74 178
56 149
13 192
148 136
65 40
106 64
44 152
32 95
118 122
49 113
71 149
146 178
13 31
93 117
104 99
140 168
122 86
97 127
8 65
126 147
158 156
73 17
63 199
76 119
127 156
182 117
114 36
50 134
131 145
159 128
101 4
182 192
40 74
140 4
165 197
119 129
160 6
82 3
131 160
90 19
20 28
190 145
154 39
127 151
65 154
98 195
40 169
66 102
194 189
106 130
145 16
134 170
19 75
120 118
105 126
113 182
138 94
90 99
159 153
67 119
112 107
106 45
62 41
109 59
99 8
188 92
123 16
6 118
194 99
20 0
16 54
180 32
122 20
128 99
144 77
58 73
92 68
114 119
148 162
102 37
195 177
12 54
67 43
109 84
166 90
63 28
194 132
147 167
3 98
139 5
148 44
82 46
32 111
158 159
127 68
129 91
174 133
119 38
94 49
99 164
151 67
16 164
2 5
110 13
147 110
36 24
162 6
33 149
114 186
47 36
194 168
53 104
136 132
197 75
83 45
79 46
33 22
47 115
99 45
170 20
132 33
27 57
38 158
136 123
64 97
49 127
159 82
74 198
9 53
29 179
164 136
124 38
30 170
20 21
7 42
107 62
187 70
25 158
191 170
109 82
126 164
193 107
156 28
163 113
13 67
137 99
104 128
80 28
158 73
115 148
46 140
111 162
169 42
192 7
154 198
120 23
188 154
59 143
38 115
22 131
157 168
105 170
160 90
0 197
106 28
4 110
165 169
165 183
172 94
62 145
11 24
107 140
40 197
193 9
59 194
183 62
141 164
147 194
6 120
187 159
64 49
56 37
170 193
180 66
119 191
81 179
195 163
98 35
187 120
22 66
10 52
129 57
177 86
138 190
51 162
152 98
57 172
156 11
44 88
109 25
124 169
52 140
4 117
94 144
37 99
12 51
24 7
52 107
143 120
137 68
17 73
133 37
125 20
7 141
47 19
158 80
3 75
198 188
88 109
181 150
153 2
68 138
144 160
145 49
24 132
110 160
102 44
194 49
88 146
132 99
108 116
127 180
108 21
66 130
65 65
67 51
75 6
102 65
34 110
119 76
191 170
150 189
3 136
71 48
11 83
94 64
83 113
155 112
89 12
28 89
16 46
32 127
113 15
125 20
37 163
147 147
49 37
28 111
17 104
73 44
179 98
4 187
29 158
186 96
30 118
69 181
125 145
151 188
10 192
50 83
56 148
152 122
137 133
99 35
32 109
24 35
174 90
103 40
32 70
164 168
28 35
100 173
26 189
139 67
86 85
178 158
35 169
179 34
156 197
48 138
140 48
81 72
155 33
53 34
180 75
79 168
90 132
66 151
25 92
112 18
192 163
172 83
15 111
169 26
136 10
184 132
87 111
103 132
157 72
73 52
40 98
76 88
119 84
86 138
11 161
159 94
75 35
46 121
15 32
75 55
87 126
9 0
115 11
162 50
10 33
173 64
102 198
2 27
86 81
74 155
35 33
59 22
34 108
143 81
162 198
112 34
176 161
118 66
169 108
189 181
103 11
106 140
28 23
148 108
148 166
141 45
65 16
142 183
139 178
78 168
139 23
40 45
29 104
114 148
157 82
76 117
146 97
168 154
84 5
197 129
55 114
11 119
67 117
8 14
49 166
160 80
170 97
6 136
180 10
93 162
40 17
120 162
62 192
88 118
73 89
37 186
17 3
164 149
80 181
145 199
84 32
31 190
43 192
67 145
118 64
64 78
13 66
9 173
174 124
86 146
15 98
99 118
132 155
74 111
131 0
121 24
16 86
33 61
162 35
177 181
171 94
34 171
131 189
68 171
2 121
118 111
64 62
73 166
173 187
190 167
182 120
111 183
150 23
49 83
51 189
146 20
196 36
86 81
191 199
151 109
150 151
95 74
156 182
1 50
35 92
182 38
183 22
14 179
20 199
55 151
191 132
162 178
181 170
83 156
195 26
75 48
36 9
157 102
50 71
98 167
169 183
176 20
4 67
25 194
111 37
14 172
83 127
90 183
142 22
15 156
98 167
126 194
63 153
143 69
120 94
108 6
102 129
10 65
48 49
125 69
2 165
63 7
193 29
161 43
112 95
192 84
89 144
13 74
74 104
186 3
28 74
170 149
39 192
195 162
124 164
150 158
19 55
135 34
38 20
40 45
96 17
191 49
160 139
168 113
11 64
113 108
156 110
23 89
187 55
100 127
169 152
49 121
9 46
126 120
177 163
192 61
141 38
122 140
172 93
84 46
152 107
66 109
48 14
37 173
19 70
128 154
102 21
1 11
93 32
106 94
106 107
133 99
178 166
117 13
111 112
196 46
161 36
99 33
167 84
119 120
70 167
73 162
141 45
136 111
162 178
123 118
163 148
163 177
107 199
56 183
158 20
41 100
140 121
165 26
124 130
182 190
29 59
121 66
23 188
177 149
27 19
121 62
31 81
113 159
175 110
166 71
88 99
60 171
50 22
131 16
156 57
94 55
93 98
39 164
53 197
61 80
152 108
60 53
64 27
21 66
17 46
191 129
21 199
112 92
132 187
159 24
142 16
175 177
198 41
143 27
134 160
112 45
159 105
144 103
23 34
176 163
146 83
178 47
132 4
80 121
62 164
177 20
138 158
126 169
14 187
24 52
103 65
146 43
123 58
21 0
9 112
62 156
116 140
161 87
65 135
158 146
10 42
115 63
163 8
31 136
3 147
145 166
193 131
114 103
156 146
1 5
55 151
104 123
117 63
132 49
146 90
87 151
111 5
42 186
127 176
148 165
108 159
94 66
139 188
97 195
26 150
103 86
50 92
54 93
42 9
125 140
23 118
18 174
95 121
66 157
158 130
74 158
112 101
2 98
153 129
186 89
37 69
198 13
187 15
100 191
9 62
72 161
111 90
70 148
190 77
26 23
40 110
19 162
161 18
149 16
179 80
45 50
107 89
180 144
106 152
121 23
61 163
30 123
47 30
1 53
97 67
103 56
95 192
100 57
161 14
179 177
108 50
27 138
20 187
91 24
181 197
33 55
102 130
75 92
181 32
89 55
167 95
155 156
81 86
142 82
5 172
133 141
159 7
74 43
16 158
91 86
1 86
92 62
44 65
71 78
105 190
30 117
116 22
32 126
125 119
47 96
107 198
127 143
94 57
151 71
100 112
87 147
21 63
142 139
44 3
74 7
102 50
57 150
179 12
112 125
18 138
116 128
154 29
44 180
152 116
17 149
142 79
44 124
171 124
94 150
80 9
69 181
102 139
81 70
146 174
38 49
86 136
67 145
36 143
152 94
30 132
101 64
91 100
20 133
161 135
174 17
149 168
44 193
70 78
12 96
187 9
117 82
162 123
140 163
56 81
147 22
103 122
144 79
163 21
1 49
39 88
33 18
91 1
91 159
86 10
184 11
124 41
59 84
51 111
81 42
131 160
64 137
40 79
193 186
176 188
61 48
86 70
116 88
190 140
61 38
81 147
115 131
90 138
62 127
132 67
132 194
51 129
180 161
115 70
27 130
99 110
109 87
168 126
28 111
24 186
143 11
29 132
60 94
107 141
26 111
51 113
198 141
154 147
91 29
149 23
146 106
39 92
193 81
76 163
80 31
52 17
127 114
43 12
71 198
86 197
139 193
17 58
15 5
85 38
105 53
70 130
72 11
8 21
47 99
177 70
11 147
196 66
28 33
148 64
174 144
143 46
69 139
186 30
176 133
2 109
106 68
181 68
43 12
99 180
26 190
197 92
19 79
66 156
124 137
81 118
143 89
134 197
126 164
75 199
26 6
56 154
175 14
154 57
51 178
72 139
42 182
144 150
131 46
21 0
25 136
69 65
20 116
51 61
161 131
42 87
119 136
175 55
82 172
183 150
3 194
164 180
73 147
185 68
161 147
32 48
183 108
84 170
145 129
96 171
66 128
132 131
66 65
45 37
61 12
16 39
30 38
40 4
22 84
132 55
158 92
146 153
29 120
114 184
99 161
195 167
164 194
102 105
72 164
145 146
45 198
177 179
198 137
64 159
183 169
140 122
150 23
137 27
28 39
137 84
110 13
25 176
19 109
148 104
19 16
29 123
68 17
96 109
100 79
14 57
105 144
93 185
4 153
26 41
176 87
157 134
2 60
115 68
197 2
33 112
196 152
24 194
161 166
160 72
9 66
11 39
119 79
87 146
3 159
10 130
15 36
29 75
65 57
109 14
199 125
179 153
154 40
46 96
51 77
132 170
61 52
66 161
147 169
127 67
78 72
78 67
59 149
158 77
33 110
61 130
14 73
48 43
73 68
157 113
187 33
82 16
186 62
46 28
42 66
44 31
87 119
140 197
169 148
178 53
144 172
98 51
13 18
24 122
137 184
98 197
137 21
68 123
161 7
108 88
179 186
148 147
45 188
128 104
197 44
127 144
140 25
12 118
183 134
6 39
80 1
179 50
139 128
18 44
37 17
16 96
185 74
41 21
142 167
15 127
113 93
111 71
67 37
173 71
166 138
31 152
59 75
144 154
165 185
129 77
13 73
103 134
180 71
27 33
58 91
94 35
120 193
171 115
10 196
119 48
19 194
118 174
26 125
17 192
44 75
4 78
54 130
38 29
166 9
46 120
106 33
31 166
3 145
148 103
189 8
76 47
177 126
172 31
26 101
22 164
127 110
137 37
35 155
61 34
136 76
8 17
187 78
134 156
21 182
120 115
122 58
148 134
26 138
142 117
78 79
66 134
63 102
22 62
159 13
139 176
147 197
148 129
179 165
128 127
75 125
45 30
21 148
51 183
173 65
74 123
10 71
64 104
59 67
8 193
143 105
78 40
156 162
132 26
133 61
56 5
83 125
194 176
83 17
95 27
147 95
60 155
42 82
128 145
161 172
1 167
13 85
117 112
72 85
39 173
171 57
197 0
107 20
150 38
139 197
137 45
85 73
115 111
124 12
90 149
152 17
90 67
189 137
102 12
91 13
9 183
19 126
91 129
193 154
142 85
109 138
124 125
16 172
181 32
18 37
185 175
195 139
109 13
149 109
167 188
123 194
154 15
126 25
167 178
181 184
188 159
96 150
182 34
36 81
114 41
80 125
80 24
174 103
68 29
93 94
123 39
94 154
5 9
10 25
107 165
101 165
64 181
54 192
181 165
129 149
99 161
129 113
160 75
22 15
13 72
54 59
127 180
133 189
132 32
145 82
44 51
126 194
44 162
120 2
81 113
9 61
99 102
162 182
40 121
11 177
104 184
164 43
156 122
192 182
10 83
159 36
133 109
160 188
101 61
165 88
112 4
38 24
195 99
23 93
41 82
194 17
177 157
92 42
160 36
186 171
85 149
94 62
120 42
57 105
154 181
6 159
50 140
193 3
7 175
12 188
160 56
173 184
9 92
112 110
71 195
159 7
98 178
111 103
28 36
46 124
160 82
199 178
3 15
196 181
154 174
70 41
195 118
123 162
40 170
23 70
114 18
174 177
155 182
153 184
41 155
100 60
128 32
92 72
154 7
178 95
75 124
194 42
102 161
148 198
4 37
190 56
114 71
192 18
28 123
41 163
154 196
130 87
132 58
157 121
47 149
130 48
110 14
11 109
85 103
175 95
139 119
141 142
89 50
146 195
31 67
0 109
29 64
103 123
32 48
67 114
36 25
92 57
186 91
156 5
38 58
81 60
110 184
23 58
83 120
187 154
74 90
57 42
163 151
165 117
6 195
11 188
117 112
3 40
26 83
64 12
134 3
147 104
28 141
162 2
7 134
177 22
156 159
63 17
118 164
57 84
85 23
65 85
36 129
34 8
157 109
153 110
131 91
184 79
69 177
195 73
7 46
22 20
172 17
144 34
32 26
0 82
25 165
197 48
19 103
99 95
181 46
152 23
120 89
136 161
30 143
98 74
27 28
82 39
2 127
86 125
22 198
103 0
23 154
57 76
131 77
68 132
46 20
141 30
87 102
174 56
126 7
169 9
164 27
129 136
8 59
186 149
175 15
25 46
0 120
69 82
68 163
106 63
73 134
8 22
43 139
144 199
33 110
172 158
150 180
67 71
40 155
124 31
2 68
110 197
196 94
159 108
111 56
73 53
146 165
62 114
38 12
148 174
196 17
2 52
41 156
149 20
137 162
4 182
56 121
68 152
41 173
109 171
63 192
21 139
189 156
152 185
177 40
61 78
45 35
184 161
75 143
152 196
150 38
140 163
77 133
18 111
162 173
1 83
63 130
193 174
142 94
117 26
25 5
197 133
106 110
33 27
134 49
51 40
106 155
58 115
97 15
171 26
134 114
69 67
1 40
78 6
126 38
42 83
20 180
101 32
44 123
26 186
56 72
132 45
53 196
78 14
134 25
106 93
121 151
146 94
95 104
93 162
117 7
175 141
116 111
34 130
113 26
116 133
4 107
137 66
100 40
96 166
189 55
51 58
151 28
0 80
63 198
110 93
132 136
136 82
24 117
168 67
160 143
3 45
67 166
11 8
156 70
193 67
192 41
92 87
92 158
101 151
89 34
106 93
82 153
193 21
2 120
58 34
109 1
48 31
36 91
159 32
100 15
158 181
160 116
190 102
162 43
138 3
192 58
102 183
30 131
67 181
42 160
1 66
21 190
72 109
104 174
199 183
40 80
106 169
119 85
159 96
106 171
115 186
193 63
47 10
132 133
188 153
40 68
44 141
111 145
170 178
138 167
191 121
37 25
145 146
171 160
109 106
82 15
30 174
19 46
5 149
45 107
87 153
83 170
185 159
150 35
65 4
30 63
87 182
143 6
124 102
143 32
110 88
8 94
114 81
117 49
101 173
87 191
23 97
104 2
193 29
24 105
176 15
84 181
159 5
96 147
45 197
129 11
124 84
114 76
94 12
37 88
38 127
58 99
47 74
74 43
5 16
91 167
40 16
149 89
137 2
84 90
37 189
153 116
151 197
33 189
69 121
157 158
103 64
81 135
187 66
88 38
130 40
1 46
73 46
122 66
35 133
123 70
9 180
12 9
4 65
23 108
5 63
48 157
47 137
14 120
132 132
104 112
169 103
112 67
136 111
133 148
153 128
63 20
41 90
177 112
45 84
116 189
95 33
154 147
25 113
128 56
13 36
6 181
182 169
106 108
101 148
171 116
60 102
90 198
30 76
56 6
50 61
194 29
71 139
6 19
7 75
16 3
131 126
88 110
64 38
172 58
52 82
106 37
102 196
6 173
64 148
32 181
120 36
27 170
96 93
88 178
149 125
140 199
12 39
142 9
197 40
130 105
168 62
148 121
62 68
184 21
84 12
44 41
4 111
48 137
93 175
1 80
162 166
131 101
85 31
29 151
115 52
117 3
152 15
17 164
143 73
98 64
188 120
124 3
100 191
31 26
94 135
172 195
98 10
132 99
91 199
117 178
77 5
87 49
108 10
175 107
133 164
42 50
62 191
45 1
188 101
188 2
20 190
117 76
106 160
171 50
90 172
117 82
180 139
105 190
145 37
11 20
122 132
93 75
9 119
84 164
188 28
171 14
137 167
74 138
156 67
141 140
51 2
127 70
130 157
10 140
100 106
50 23
168 157
132 25
85 89
93 62
175 138
14 54
67 131
24 140
140 28
84 164
94 33
35 23
110 118
46 77
177 36
90 73
116 101
51 192
6 192
63 85
115 39
74 190
105 125
26 180
182 137
26 39
79 60
67 85
149 138
188 104
100 165
92 199
152 51
146 176
146 18
104 161
34 102
153 126
77 0
150 106
119 122
156 43
149 109
81 142
124 167
119 14
131 87
196 191
140 19
129 81
93 1
61 15
7 77
53 120
84 155
169 58
96 76
68 16
37 160
156 128
101 55
95 99
145 155
61 97
198 97
195 73
32 112
46 102
78 74
6 99
10 152
130 169
168 42
11 39
117 100
153 39
47 12
32 143
183 148
58 163
108 196
29 162
171 12
25 5
190 60
191 175
153 189
153 80
19 108
18 59
45 192
42 80
67 80
54 145
139 145
97 153
141 15
198 46
51 106
7 196
158 125
157 96
122 27
51 176
119 196
198 117
172 128
62 185
31 9
197 134
10 171
67 146
83 141
2 119
127 151
21 34
7 48
58 77
3 1
163 176
113 10
197 26
18 120
148 61
179 142
162 132
103 124
130 49
9 147
67 81
158 195
151 4
187 58
79 173
168 32
172 121
183 70
40 70
35 170
47 95
10 155
56 85
21 79
123 49
25 159
184 64
99 19
45 40
23 45
126 117
13 176
51 15
40 179
145 30
20 27
83 154
116 80
44 136
57 27
182 43
69 180
127 14
189 12
24 116
123 103
38 174
154 92
32 15
182 112
89 198
134 67
40 93
162 113
148 147
63 84
78 150
52 112
53 25
28 198
184 164
165 41
6 98
38 99
61 80
114 43
78 168
169 50
44 165
52 19
6 139
48 76
59 39
195 11
120 34
162 60
142 2
93 191
98 161
85 74
143 166
112 119
89 99
96 154
35 191
30 21
60 49
153 97
87 84
109 68
109 13
96 141
65 90
115 99
99 186
181 138
110 115
7 57
145 98
65 66
106 119
92 187
167 161
171 28
113 166
4 44
183 27
93 110
2 66
32 98
100 196
103 108
82 9
19 89
142 187
43 86
32 193
189 140
41 30
22 180
8 169
0 6
20 172
163 72
78 1
39 139
14 16
91 35
57 159
71 123
97 41
42 71
169 49
125 123
49 132
105 36
13 12
95 143
140 32
16 75
89 99
40 180
101 43
16 159
64 67
156 16
59 180
191 118
8 128
32 31
79 18
69 61
127 67
124 68
168 133
166 186
190 156
78 75
54 179
104 141
55 136
147 170
31 43
63 90
181 140
97 140
122 30
26 52
31 42
41 173
1 13
67 110
105 6
64 52
61 22
66 162
146 55
143 87
71 31
181 142
147 141
1 55
2 127
83 97
61 36
0 119
45 154
111 117
56 28
172 3
128 136
151 173
24 7
41 53
94 113
78 145
16 19
50 102
135 199
179 70
162 160
99 172
28 68
7 177
148 170
99 106
41 122
40 0
65 0
148 64
159 150
56 91
76 137
199 48
94 126
44 120
91 103
52 42
113 74
27 31
45 65
6 169
99 78
0 147
26 1
198 132
42 46
108 138
190 128
75 118
108 42
21 89
195 119
152 98
143 193
130 72
3 85
85 32
111 147
149 87
199 99
27 152
130 78
5 14
102 134
56 178
64 199
129 88
107 164
129 118
47 1
121 40
35 144
5 15
49 169
13 164
179 53
26 8
181 27
43 121
148 7
83 32
16 3
180 157
187 189
28 54
42 39
76 176
19 131
5 76
95 70
80 138
155 168
68 14
95 119
95 132
138 126
174 150
61 27
43 149
137 17
23 65
65 115
111 194
189 108
52 85
65 15
97 69
170 87
96 148
130 194
132 162
173 72
97 147
138 136
166 32
24 124
166 133
91 168
83 185
87 150
29 141
63 122
7 121
38 36
146 176
165 198
120 35
75 176
136 17
28 104
167 59
96 122
130 50
65 72
48 30
182 155
77 79
146 160
129 174
199 59
97 118
56 43
132 11
3 30
59 166
104 11
150 59
95 118
178 77
6 165
46 197
25 176
90 18
102 43
170 158
10 143
128 181
175 100
114 5
19 43
12 187
73 46
107 154
44 0
102 186
116 160
63 151
3 179
124 36
69 126
195 189
130 21
96 184
99 180
57 111
138 75
139 151
30 29
109 163
108 152
16 96
111 69
195 161
164 117
107 27
148 49
71 147
24 102
190 173
55 16
121 75
101 87
188 181
68 15
57 92
146 180
131 197
196 153
136 184
50 188
122 143
138 140
2 0
31 129
74 113
151 65
22 51
111 72
34 53
177 151
127 54
116 161
168 181
96 198
39 11
153 93
49 103
92 75
174 183
142 128
90 161
156 147
192 99
148 7
43 54
147 7
32 162
94 32
182 190
39 68
138 124
94 99
58 159
86 110
92 2
128 138
174 36
195 166
12 154
73 48
54 41
42 125
92 175
183 79
122 67
15 40
186 13
62 141
110 10
178 36
89 52
112 30
163 163
175 131
58 127
18 135
79 65
159 94
62 170
79 186
10 131
67 52
49 188
75 159
30 33
24 154
27 163
59 172
14 177
184 91
167 181
23 139
63 81
177 147
19 144
101 150
166 195
16 146
100 92
122 47
191 49
103 167
179 191
15 197
103 139
13 11
32 140
170 75
195 181
99 76
72 63
83 132
167 85
197 157
178 77
24 18
32 157
182 74
171 187
14 11
36 171
153 112
17 153
34 186
111 12
95 113
116 131
32 11
17 73
136 30
82 111
70 123
82 98
55 92
21 17
187 34
65 187
158 165
54 178
113 115
72 180
126 130
107 181
102 46
11 162
54 45
182 70
23 124
72 103
90 119
113 176
106 7
66 167
133 51
192 9
183 107
151 9
12 80
88 85
24 89
135 9
141 15
129 167
114 64
68 1
12 80
24 102
73 110
52 27
44 101
164 175
55 151
143 141
47 142
142 2
87 89
130 56
94 92
29 82
46 2
115 30
96 125
176 165
100 137
162 33
192 28
108 19
85 3
71 0
77 57
51 98
13 8
154 121
182 184
190 15
30 170
192 126
141 102
198 105
165 42
29 27
140 56
195 169
114 130
3 93
77 55
139 4
62 91
23 122
180 58
144 98
57 193
102 84
55 160
183 147
108 150
99 157
1 60
62 86
1 68
135 27
86 142
178 78
105 129
2 141
6 127
90 0
12 194
9 50
90 85
101 128
90 67
175 62
166 132
135 17
177 44
13 124
24 110
58 95
138 176
143 111
52 129
136 79
168 17
163 88
106 68
71 142
41 142
152 117
168 96
14 143
184 147
30 166
195 168
27 187
46 166
107 162
180 122
128 151
195 144
126 107
185 122
3 160
6 156
190 60
121 93
28 177
46 106
167 96
105 11
57 45
163 142
110 32
65 6
158 177
159 61
125 66
25 116
11 13
134 114
55 17
156 64
83 64
170 15
151 102
29 36
55 22
83 198
1 8
45 127
61 199
126 145
105 99
161 131
85 197
121 72
32 162
73 55
29 79
68 45
84 1
22 99
14 181
190 32
198 81
105 44
169 35
104 129
188 73
152 63
66 31
115 126
31 50
111 6
138 156
6 194
157 194
141 88
195 160
1 64
133 1
84 147
167 36
120 86
48 155
43 63
17 180
88 134
72 103
115 103
79 128
85 174
26 55
50 66
187 180
71 180
132 16
197 95
19 9
129 17
100 142
84 17
185 53
104 12
100 3
68 29
151 109
139 14
77 15
111 102
197 136
42 183
157 177
132 43
124 9
55 106
146 2
0 78
182 47
190 76
181 181
68 57
18 1
186 127
34 46
114 131
48 68
68 118
4 37
167 135
43 157
50 145
74 144
39 21
90 44
69 56
20 173
118 56
3 62
171 179
8 110
140 140
180 193
187 29
183 48
162 43
168 21
78 179
178 86
131 4
178 179
93 127
173 83
76 173
75 155
170 108
157 140
15 168
79 74
6 199
155 7
52 114
11 188
61 64
20 130
65 18
93 47
117 124
66 49
196 128
133 69
4 30
199 6
187 197
188 99
171 36
182 164
66 176
65 11
60 74
126 115
88 136
16 26
177 179
27 55
31 170
188 157
83 13
149 199
129 88
147 164
168 195
41 99
0 145
32 167
69 161
39 122
184 63
187 89
15 28
131 74
157 25
15 87
30 125
76 50
126 62
48 55
0 131
4 72
126 10
140 85
177 90
198 81
183 18
112 137
57 41
85 8
124 33
125 39
75 56
77 89
172 131
152 135
0 154
59 105
125 186
17 119
153 84
196 87
135 55
81 48
16 99
190 107
146 101
105 140
68 4
176 172
25 127
108 89
193 29
122 19
47 179
188 51
91 22
95 174
129 169
68 42
180 158
147 46
37 123
0 11
72 55
155 86
197 178
119 156
148 111
168 22
162 187
32 117
94 59
114 60
73 11
148 105
34 150
18 84
68 91
133 198
183 159
78 195
137 35
103 191
52 93
49 105
175 167
165 123
190 12
154 111
193 46
191 126
84 83
106 84
5 144
16 193
81 122
99 189
14 66
0 94
132 100
40 95
3 19
68 176
79 76
59 46
176 176
190 20
90 90
23 89
161 147
5 190
188 5
138 144
191 43
90 52
154 143
78 182
55 152
154 117
96 105
97 145
59 117
46 98
154 77
189 69
176 100
27 145
193 92
96 22
48 1
188 106
95 34
103 198
104 78
29 3
182 160
184 180
139 163
136 2
96 130
128 147
198 88
15 87
26 7
40 158
37 39
175 61
19 85
68 85
46 197
168 137
82 7
93 29
107 78
115 191
118 171
178 192
193 196
60 11
58 111
71 157
182 117
8 93
106 61
73 122
159 21
89 6
150 180
185 126
95 84
64 32
100 47
166 64
61 117
192 17
192 145
1 33
12 149
196 51
20 127
113 186
113 149
55 76
166 147
150 151
34 21
105 135
111 175
41 100
82 66
140 79
80 157
168 108
160 39
173 141
133 160
132 77
118 56
177 72
96 169
161 64
121 95
144 32
139 127
30 25
125 18
70 180
175 14
186 15
88 88
167 30
196 163
8 156
60 151
89 22
103 103
141 155
65 105
168 124
187 184
184 148
3 8
24 46
186 149
13 19
22 43
192 183
50 90
54 194
198 120
102 158
173 76
16 91
121 194
71 36
65 154
181 154
172 51
28 129
5 173
27 1
100 58
164 124
91 173
33 148
22 119
9 100
104 88
61 122
117 194
196 160
114 141
72 38
141 107
184 116
31 171
24 189
196 108
85 21
14 119
120 141
139 190
108 28
71 181
28 99
98 70
127 45
52 155
74 93
161 45
152 99
30 105
71 163
33 183
112 186
192 106
34 123
172 69
69 121
27 128
101 147
163 181
133 70
120 91
125 144
194 115
29 86
159 182
144 133
161 46
39 146
153 108
8 34
7 8
82 2
10 76
126 173
143 166
74 90
49 135
170 160
148 49
86 4
155 15
181 142
101 75
78 71
96 174
194 187
92 120
173 175
185 53
25 99
105 82
97 157
94 183
96 1
73 180
21 58
10 80
24 173
43 198
112 49
142 88
125 51
149 12
165 104
39 12
154 54
75 78
152 6
18 98
45 109
29 144
73 194
82 160
189 38
53 165
89 100
55 129
124 139
197 51
172 131
154 42
144 127
100 65
77 19
117 123
193 12
111 115
120 37
158 77
48 29
19 47
126 78
12 138
16 27
88 79
184 0
149 164
187 169
14 34
68 161
159 108
54 121
195 180
91 181
27 141
113 149
188 110
141 111
91 183
8 199
185 189
157 5
148 13
63 121
29 113
83 110
3 170
171 120
178 145
166 158
184 78
169 102
133 17
106 62
28 60
61 87
149 153
184 174
167 12
64 161
6 184
157 94
165 60
22 53
26 81
85 175
110 74
68 84
169 62
18 113
32 175
47 109
85 4
128 87
180 172
46 146
173 183
137 75
198 24
161 194
149 151
113 50
34 125
51 53
162 162
194 88
16 150
45 150
50 184
127 80
20 92
46 37
100 68
109 60
43 5
7 1
140 138
137 8
113 138
153 110
18 157
142 86
137 49
46 63
165 171
154 82
186 72
84 13
80 67
124 118
49 193
8 98
92 161
191 59
178 147
169 90
5 110
26 164
107 148
18 88
125 113
153 70
134 184
170 81
88 147
83 104
120 166
115 180
108 152
39 97
91 192
193 114
129 106
133 7
168 44
11 40
53 198
17 191
129 27
61 78
136 10
124 140
140 8
20 15
148 158
140 104
46 113
50 114
102 153
188 170
101 126
191 83
100 44
97 105
132 35
26 70
72 64
80 38
0 179
147 141
116 154
62 115
131 21
117 14
154 74
136 197
41 45
110 5
84 83
123 193
81 93
68 90
167 156
9 41
48 38
115 9
187 55
154 154
111 196
5 72
138 133
115 90
133 26