50
19 27
31 14
29 11
5 13
24 40
34 27
45 43
17 29
26 34
31 4
29 13
42 18
28 36
24 22
37 11
39 37
19 41
37 37
45 36
29 37
31 29
2 18
15 44
0 11
32 29
40 21
2 5
42 45
42 45
35 35
37 2
11 13
13 40
29 35
6 33
29 11
41 21
8 4
44 7
36 45
40 6
30 11
17 29
16 31
27 12
37 11
20 43
45 49
25 3
16 36
29 23
42 5
29 49
37 0
44 11
1 13
25 33
32 48
22 43
41 4
18 32
27 7
33 33
27 26
28 10
22 0
30 9
31 49
16 0
36 45
7 34
35 5
38 14
24 1
47 47
40 26
46 29
4 8
39 49
27 24
38 21
30 28
25 13
26 22
6 37
1 8
17 5
27 18
32 3
48 30
2 41
16 28
17 9
49 4
25 28
44 23
1 42
0 43
48 10
46 36
38 34
32 7
20 35
45 22
23 1
13 25
49 12
4 25
35 33
35 23
35 40
16 2
4 44
3 48
12 24
34 7
1 38
9 40
0 25
4 8
34 38
37 8
13 20
41 27
42 48
29 19
46 21
13 37
21 24
13 14
48 39
46 37
35 30
17 18
37 15
37 0
5 7
20 4
24 38
0 35
44 34
30 6
31 26
24 1
3 28
38 0
8 32
20 14
18 21
46 23
15 28
41 8
18 7
45 36
5 26
30 38
6 48
0 47
29 3
8 18
46 7
39 48
45 24
34 43
39 32
12 40
14 33
16 23
18 8
25 7
39 41
17 26
16 49
49 46
38 4
39 33
20 42
41 34
41 12
41 31
10 37
24 36
13 28
41 28
31 44
17 33
20 3
13 39
45 4
11 41
44 6
43 44
20 1
29 36
40 46
9 21
29 8
1 3
42 6
2 13
26 35
39 34
49 3
4 3
42 18
26 32
49 13
36 9
33 44
33 3
8 44
8 19
36 16
14 46
26 26
15 26
32 28
48 12
42 1
26 19
10 37
36 17
9 24
32 22
28 29
19 8
41 44
41 13
28 10
9 34
25 25
7 2
27 1
27 32
39 20
22 49
31 5
31 42
6 33
31 34
7 48
3 26
7 26
5 35
6 39
31 38
45 11
1 3
36 5
21 36
48 40
40 43
39 35
13 25
27 8
15 38
23 4
2 28
33 35
21 43
3 6
48 33
18 36
34 21
14 38
2 48
44 32
39 14
11 31
10 37
11 30
39 26
30 17
24 31
34 48
25 31
23 41
16 0
42 18
22 16
31 35
31 42
31 17
45 40
28 16
17 40
10 25
46 3
21 34
28 20
22 3
22 29
16 34
4 12
24 10
42 38
34 31
34 45
39 15
13 10
30 14
22 4
38 24
15 35
34 34
0 14
0 45
41 23
34 44
33 8
43 46
44 27
44 20
26 39
36 8
15 5
36 34
29 8
44 24
8 25
4 1
15 35
38 14
2 38
16 27
25 10
0 10
27 1
31 21
37 47
2 29
17 21
27 24
7 39
0 18
19 13
42 27
42 18
37 31
36 11
38 19
13 9
28 37
0 20
17 32
49 0
32 17
42 12
12 20
13 45
19 47
47 14
25 36
7 15
26 34
36 5
32 28
15 28
45 5
6 9
4 17
5 18
27 34
30 26
42 36
10 18
35 8
48 32
23 22
37 40
41 37
5 17
20 25
11 44
37 43
36 33
45 19
21 23
36 0
21 5
42 10
9 6
35 1
18 2
22 41
18 4
11 41
29 24
3 16
47 11
10 42
1 7
1 43
33 21
35 36
8 41
20 16
13 16
12 10
14 2
28 20
12 32
46 35
33 39
16 12
38 38
33 0
21 15
6 27
46 20
4 27
4 23
8 43
6 43
40 23
20 28
5 32
2 24
27 7
46 42
0 41
36 18
35 29
8 18
35 32
34 32
16 37
16 1
38 34
15 41
39 21
23 26
19 32
23 6
26 7
25 47
47 45
24 36
30 23
22 49
36 12
44 1
35 17
48 48
10 39
5 40
25 30
4 40
32 17
46 26
4 12
41 25
13 46
43 0
36 49
36 28
26 18
39 24
4 7
24 37
42 47
47 5
6 10
6 30
34 19
29 40
27 24
0 19
42 28
11 17
7 1
37 3
32 36
42 45
24 44
49 39
19 12
11 44
2 29
14 32
13 42
27 38
2 5
20 33
27 13
13 18
32 33
32 43
31 26
17 2
32 45
18 47
18 35
18 42
30 5
47 47
35 48
36 25
22 30
40 22
42 41
27 30
5 40
24 19
31 28
29 13
36 20
10 46
30 32
8 40
2 32
31 49
0 42
28 28
4 12
47 41
25 8
34 29
46 2
33 49
47 24
49 21
11 43
12 3
8 44
22 18
16 17
33 0
48 7
48 8
3 48
34 2
31 40
19 14
19 17
25 22
25 5
15 21
6 28
29 41
15 49
13 31
5 9
33 48
20 13
47 40
30 23
21 4
8 9
14 35
6 18
37 49
10 19
4 37
37 46
34 3
27 14
7 25
32 11
47 11
43 7
13 16
43 45
11 29
26 16
11 12
37 21
41 44
30 12
6 7
23 44
8 34
20 15
29 45
19 44
5 1
29 36
40 30
39 17
21 26
29 23
42 34
29 18
47 13
34 1
0 5
48 46
9 12
24 40
28 3
18 48
6 16
43 20
48 5
22 32
36 34
23 43
18 31
42 8
40 28
0 2
23 0
12 21
43 33
23 30
20 28
17 19
26 38
10 15
23 15
33 26
1 31
29 28
12 35
49 22
22 25
48 4
42 23
15 37
24 40
5 41
10 8
20 23
38 9
3 7
25 1
27 14
7 48
20 44
48 22
37 30
3 13
29 33
30 30
35 40
4 35
20 4
15 16
44 46
42 24
10 37
17 10
6 37
32 29
5 46
0 1
45 16
36 40
43 23
12 14
32 33
38 34
4 0
0 27
4 12
38 8
25 42
43 26
10 46
30 47
4 3
27 2
1 40
47 33
45 38
35 3
28 19
23 11
27 24
6 8
32 0
48 29
38 9
19 45
11 32
23 36
12 22
41 14
42 49
39 42
17 39
23 9
25 16
4 22
39 15
29 16
0 24
33 11
31 25
15 39
9 41
14 17
19 17
14 48
10 49
27 14
49 43
28 35
49 27
5 40
7 2
33 9
7 35
46 43
39 42
1 7
39 35
31 41
4 22
41 33
43 1
40 43
9 46
4 45
26 27
26 21
47 49
48 23
42 39
27 39
23 38
42 37
14 33
25 28
30 31
30 49
29 42
28 13
4 8
38 0
8 44
10 17
49 31
22 14
21 45
23 22
29 48
26 43
12 33
13 21
31 26
40 43
29 38
5 45
6 38
21 5
39 16
40 17
4 31
11 49
7 44
19 36
7 46
7 11
36 2
15 9
42 11
42 43
2 31
43 33
42 28
36 41
41 16
14 12
24 6
15 21
4 1
17 27
25 19
5 33
7 15
13 2
24 47
39 36
15 36
19 45
17 43
37 17
27 18
24 1
24 31
26 21
22 40
12 42
42 27
26 29
15 10
33 30
13 34
45 42
9 30
20 17
47 31
0 37
19 9
21 20
2 32
46 49
26 39
29 47
42 26
30 43
21 6
6 23
23 33
33 2
30 7
23 37
3 29
10 6
25 20
7 34
21 15
30 27
10 19
39 47
14 23
21 31
25 19
29 47
45 46
26 35
8 49
22 15
30 16
3 42
4 17
34 45
35 1
42 2
17 8
25 27
26 30
36 37
5 30
19 21
21 39
8 0
15 10
27 17
41 23
24 14
46 30
16 33
23 33
31 17
5 5
33 2
30 8
22 13
27 46
2 1
33 42
34 34
48 45
36 33
36 48
49 5
10 8
39 35
44 3
14 5
27 15
37 18
2 27
18 34
47 49
43 25
23 32
32 16
12 43
13 5
32 34
46 11
23 13
10 27
11 43
23 41
7 26
3 9
47 20
2 39
42 48
39 34
32 20
49 0
46 34
15 49
43 17
29 2
2 5
11 0
28 12
17 31
38 12
37 16
2 8
15 32
47 8
43 20
47 45
42 34
0 21
26 43
19 17
23 32
9 38
17 14
20 33
42 19
48 10
21 42
13 0
27 15
15 1
19 45
33 25
6 6
15 49
42 23
19 41
36 0
28 8
29 29
19 30
45 44
9 40
3 11
25 40
43 37
7 4
45 31
7 22
14 1
5 35
9 34
19 32
41 26
31 44
19 46
43 33
39 49
24 43
8 49
7 5
5 0
28 42
12 36
10 22
32 32
32 30
15 44
17 18
35 31
27 18
25 44
41 34
26 26
18 38
0 45
16 15
10 12
12 11
41 29
2 43
43 27
37 42
20 23
14 19
25 2
41 35
28 36
42 31
27 42
34 3
42 1
10 23
24 38
33 31
25 32
23 38
18 27
20 27
37 21
7 23
0 46
33 30
44 41
5 40
26 29
48 4
10 25
41 42
39 47
29 45
4 29
29 9
36 6
14 9
28 10