50
28 7
18 34
25 31
29 14
46 20
31 38
3 35
37 29
26 39
34 26
9 42
36 21
43 17
13 36
9 14
34 43
48 22
11 11
26 38
5 42
31 7
49 22
36 26
7 25
0 33
33 40
37 9
34 38
25 39
35 16
49 24
46 1
28 32
47 8
49 43
8 14
31 24
26 32
46 17
15 29
22 38
6 32
28 25
1 23
26 23
27 27
6 26
44 39
25 0
19 26
9 9
13 29
15 0
39 49
13 17
18 43
13 37
11 1
8 37
18 16
3 34
32 23
17 16
23 47
12 2
23 18
37 7
13 15
26 16
23 37
20 49
24 6
38 29
10 25
23 49
24 35
13 10
34 31
36 44
15 7
24 29
38 1
37 15
36 23
27 38
7 49
13 4
34 26
31 28
10 0
3 41
46 43
38 16
33 40
49 43
3 20
16 44
48 31
37 26
21 41
32 14
30 35
26 41
49 10
46 14
31 8
12 15
14 29
30 19
33 18
49 6
35 35
37 46
14 39
9 24
30 26
26 46
35 44
6 21
23 44
28 1
30 3
32 31
48 40
28 20
20 45
27 18
12 41
38 46
42 8
29 17
36 38
4 46
1 21
38 43
23 7
2 19
29 46
0 49
45 23
4 28
18 33
26 10
18 23
1 7
16 6
10 29
33 26
17 12
0 36
28 27
32 14
3 7
8 42
47 41
8 4
21 38
11 4
16 6
37 49
39 37
8 41
20 4
6 41
17 32
26 4
7 11
23 47
24 2
14 49
23 30
7 22
35 47
23 16
13 12
23 3
8 21
10 2
39 47
28 27
10 33
33 42
21 38
15 16
24 31
41 40
14 0
11 43
34 49
31 32
17 27
29 8
28 8
18 19
18 2
49 34
9 30
9 24
14 10
21 9
11 5
11 22
22 33
8 10
9 45
45 49
44 14
2 1
30 17
13 45
0 34
47 14
43 19
38 28
18 25
27 25
2 0
7 18
6 17
18 20
3 22
4 39
13 18
22 17
11 20
43 26
24 10
27 23
29 7
26 27
27 49
35 32
26 18
15 6
31 9
25 48
37 4
17 1
14 3
38 36
40 35
41 7
18 40
17 40
9 10
1 40
10 32
10 37
29 24
14 1
2 11
10 48
24 31
5 3
32 43
3 20
2 37
24 29
11 44
26 14
11 27
16 46
45 19
7 33
18 39
29 18
37 0
14 2
41 27
49 37
40 6
16 34
24 30
45 12
31 12
1 7
40 13
22 13
27 21
19 17
23 14
19 38
18 16
44 1
45 45
7 20
6 22
28 20
30 13
33 27
15 9
41 33
7 24
24 39
28 25
29 28
37 47
37 13
19 17
25 14
30 25
20 3
10 35
6 40
38 34
43 26
49 30
38 15
6 13
26 28
13 19
23 5
14 17
24 48
13 46
25 40
20 26
2 40
38 9
37 4
5 36
1 40
2 14
15 0
38 40
11 20
8 36
41 26
21 34
11 38
20 43
5 12
28 48
42 19
47 49
10 35
4 16
36 17
11 11
29 28
27 47
46 5
28 27
44 47
16 47
26 28
29 14
45 48
16 0
28 16
15 45
33 47
41 27
7 31
8 9
27 40
37 24
19 34
7 16
36 42
37 45
22 37
15 3
29 23
34 3
39 26
34 16
23 26
25 42
27 2
45 42
25 27
48 38
6 28
16 28
0 10
29 0
21 2
22 48
13 23
1 43
34 8
44 31
25 46
0 21
3 47
5 31
31 23
44 8
9 17
31 29
27 43
39 45
40 43
36 29
23 15
1 46
31 22
13 26
12 31
36 4
22 21
21 40
39 45
38 19
34 45
40 24
4 29
3 47
8 1
42 35
15 24
6 39
20 16
43 44
26 33
2 47
27 16
32 40
43 31
17 33
1 2
21 5
13 43
35 26
34 32
26 25
30 30
7 29
45 19
21 4
19 31
14 19
32 27
13 43
43 0
3 11
30 18
31 49
34 11
7 9
44 9
15 22
44 29
13 32
27 36
48 44
42 16
5 16
12 6
17 33
35 26
21 43
19 30
5 3
7 8
0 44
37 16
7 35
19 3
12 46
13 43
7 18
22 23
35 25
47 12
2 45
12 31
1 6
0 3
7 19
39 31
32 3
48 26
20 43
22 22
47 2
23 22
12 4
12 0
4 3
46 23
3 45
14 33
11 1
24 5
15 47
41 7
8 10
43 31
48 43
12 20
45 2
4 36
38 38
39 5
16 36
13 28
26 47
31 19
11 31
46 16
30 47
34 32
10 4
22 39
4 49
16 40
17 48
20 21
26 9
39 11
9 16
18 8
14 39
36 39
11 18
28 24
31 0
18 15
45 8
5 41
9 20
35 39
36 29
39 3
36 0
44 47
40 49
27 34
3 48
4 36
23 46
9 10
27 48
31 49
48 16
11 38
31 26
38 29
45 34
20 27
44 2
14 10
15 33
3 47
37 31
14 24
25 43
25 6
23 0
17 1
42 19
13 19
34 44
26 37
16 9
23 22
15 26
34 35
27 39
11 46
7 38
14 44
43 7
41 39
48 31
23 32
14 14
11 27
41 3
40 19
27 21
32 44
15 26
5 18
1 46
14 16
22 13
7 15
45 2
1 4
12 10
25 13
11 23
22 19
13 6
24 26
49 34
32 38
23 40
24 44
21 26
5 33
37 1
14 19
46 30
10 47
43 44
38 39
20 42
42 44
35 32
8 18
4 5
36 11
24 7
45 40
39 20
2 2
41 44
10 47
28 32
46 4
26 24
47 27
46 18
14 6
38 18
24 31
16 0
16 33
14 5
25 30
0 26
22 40
40 0
37 27
23 38
14 21
9 4
42 4
47 34
29 9
43 0
17 27
40 4
1 13
17 47
5 30
18 35
45 30
34 38
27 1
44 29
3 49
6 41
13 16
38 3
2 27
49 13
38 26
38 31
12 37
13 40
33 10
40 32
2 23
33 11
47 10
14 40
46 38
25 0
25 40
16 1
41 33
48 47
29 18
48 17
31 28
6 26
20 27
13 14
25 46
33 29
10 24
26 19
16 13
24 21
27 20
41 42
36 25
11 21
28 45
48 47
0 45
29 36
16 30
42 37
40 42
32 7
8 18
5 21
37 13
37 47
14 28
16 38
35 26
40 29
1 24
29 30
10 10
1 47
25 45
33 1
36 17
30 29
44 23
24 32
10 4
7 22
43 11
16 22
35 37
48 20
5 34
5 46
26 34
41 48
49 22
36 15
16 26
14 11
28 46
19 38
32 11
7 3
19 19
24 1
31 38
13 34
32 14
28 39
18 14
46 48
23 45
18 37
28 30
5 43
17 41
18 34
45 31
9 10
19 43
30 30
5 23
37 20
23 49
32 39
43 1
15 14
7 0
34 6
34 9
17 46
42 11
26 13
47 39
14 39
39 33
31 46
6 21
1 3
45 47
27 34
12 41
22 20
38 48
5 48
46 0
21 40
15 20
31 44
28 45
13 15
27 25
15 23
39 31
1 11
3 34
20 36
36 8
49 37
7 46
34 35
31 31
41 15
30 13
30 47
37 1
31 19
10 12
46 23
48 24
40 10
30 15
21 20
46 36
43 22
32 11
49 24
29 17
42 23
21 44
19 39
38 11
26 45
34 45
15 5
49 13
1 13
5 34
24 17
24 38
5 44
30 36
25 3
5 33
6 34
16 2
26 40
43 0
5 0
38 4
12 3
45 17
44 11
38 21
10 32
26 22
46 19
0 13
23 1
42 43
36 33
36 24
19 24
14 39
26 28
25 0
5 47
35 39
29 25
40 6
28 21
47 25
37 16
49 18
21 15
32 7
13 15
14 46
34 6
4 49
45 25
21 20
25 31
9 20
47 6
4 22
42 37
26 34
39 12
21 14
20 22
39 36
31 9
44 27
29 40
0 22
15 46
19 40
14 42
46 16
16 10
2 42
11 35
22 19
13 13
13 36
45 19
41 26
10 48
41 48
47 7
17 13
11 1
23 18
31 5
28 13
5 20
16 8
15 29
15 4
8 2
25 13
44 14
25 48
11 30
32 35
33 19
34 36
38 49
17 14
17 11
40 47
42 22
48 20
13 17
16 20
28 45
16 22
10 32
49 19
31 49
27 29
36 24
19 8
34 2
5 44
2 7
31 0
0 15
31 11
47 19
34 18
31 38
34 8
16 30
44 30
48 4
40 11
0 30
24 26
44 1
25 39
1 46
16 25
39 26
26 25
13 26
19 16
28 30
5 5
6 26
21 39
33 19
6 4
0 29
31 32
40 21
16 11
39 34
45 49
25 38
11 32
31 7
39 12
17 0
3 14
3 44
24 37
38 18
35 1
47 26
11 38
21 21
49 36
8 12
2 46
19 35
43 7
49 11
3 27
4 0
42 24
42 24
5 0
28 32
1 3
18 9
14 9
49 17
14 47
43 7
35 30
41 5
39 31
13 10
4 20
29 29
36 45
20 27
30 27
33 22
38 39
41 48
45 25
35 49
6 30