50
28 10
0 38
0 8
17 2
13 14
34 0
22 17
35 36
21 3
1 36
6 23
29 18
48 48
30 36
26 24
29 30
35 35
16 5
5 43
24 3
15 39
19 33
23 15
37 24
1 9
12 41
14 16
10 17
21 5
0 3
40 29
26 37
13 40
9 11
13 29
28 30
1 24
20 28
26 45
3 34
11 48
37 36
26 24
32 47
13 36
34 29
6 31
21 37
4 19
30 42
34 34
9 49
49 38
0 29
22 10
3 23
20 37
8 45
26 18
29 48
8 0
10 26
19 15
4 18
17 9
24 39
26 30
2 37
37 44
1 13
11 31
8 20
28 44
41 28
21 20
13 24
7 42
9 10
2 6
48 1
48 9
36 28
3 2
19 40
48 24
43 47
29 5
27 22
17 40
18 6
35 30
25 13
2 38
29 12
18 24
7 39
5 45
23 28
3 5
29 14
17 9
3 1
16 48
7 13
32 26
0 46
27 44
15 47
15 49
9 47
7 47
15 31
30 36
4 29
23 31
33 18
16 24
5 24
16 15
39 45
12 9
5 25
10 26
39 48
46 26
10 18
20 4
30 33
8 33
40 14
28 12
29 4
26 24
34 4
21 43
10 17
35 2
9 39
33 31
38 34
45 42
38 43
18 34
29 41
21 7
45 22
1 34
34 38
48 25
41 2
43 2
42 7
2 34
33 19
17 24
3 19
6 23
28 9
2 29
47 44
42 37
26 17
11 28
25 42
32 30
3 9
39 23
9 22
33 6
30 13
7 41
4 14
19 19
12 7
49 0
49 7
48 39
40 34
5 41
13 40
23 36
44 4
26 7
31 27
23 7
14 24
18 24
5 42
39 22
10 49
32 8
28 30
38 12
1 35
1 23
0 5
35 3
48 3
39 16
2 30
34 48
35 39
21 24
9 18
40 28
8 19
14 31
27 35
12 32
44 20
44 39
49 48
35 7
13 25
31 2
45 25
11 28
13 45
28 0
32 25
40 19
11 27
37 6
42 14
18 12
21 35
43 9
38 26
32 39
42 43
5 26
24 47
44 20
1 28
24 25
19 36
2 8
32 38
32 15
20 28
9 0
9 18
2 38
3 28
9 23
24 14
38 20
11 30
1 0
35 23
7 3
33 12
47 28
32 37
47 8
17 16
44 38
44 21
27 1
34 40
41 11
7 38
15 47
31 35
42 49
47 6
12 25
30 7
1 34
3 35
41 30
1 38
8 17
44 38
33 45
26 43
0 29
25 48
13 36
17 49
28 35
35 10
29 25
48 44
10 4
6 13
7 36
18 36
40 15
25 13
30 48
41 43
45 21
6 43
19 44
5 40
1 12
25 27
8 48
11 31
46 1
39 7
25 36
34 43
48 17
46 44
44 31
32 37
15 11
10 8
2 10
31 13
11 20
22 5
6 33
0 20
18 28
15 34
25 49
42 0
44 6
33 48
1 42
42 2
41 3
49 38
20 43
48 22
23 17
31 17
28 2
37 14
30 45
23 33
24 33
25 12
15 7
44 31
30 9
41 17
39 39
25 5
8 4
8 1
6 20
27 23
47 4
23 29
17 25
47 49
5 1
16 35
30 10
2 7
44 1
21 45
28 12
9 31
7 33
33 33
20 45
32 5
18 41
10 16
7 7
2 35
0 17
25 42
14 27
33 36
35 2
5 41
21 16
26 41
3 30
0 7
48 39
9 46
31 34
5 28
25 17
19 25
15 37
4 25
48 1
34 18
38 28
4 34
42 33
48 13
25 4
45 35
21 1
17 47
11 8
18 34
17 13
16 30
23 46
24 2
40 2
19 27
13 47
20 35
24 23
49 22
17 49
11 22
25 19
46 13
30 28
43 19
32 25
1 41
13 29
38 37
34 3
35 20
29 41
40 33
2 1
8 36
24 35
6 8
1 38
17 35
8 14
7 29
36 38
30 24
37 49
3 15
10 1
37 45
15 11
2 36
5 29
18 9
46 39
34 28
22 13
32 11
23 46
47 6
10 49
25 45
17 46
28 46
37 47
9 9
34 7
49 12
42 40
4 8
14 43
8 26
9 0
29 29
4 23
16 20
12 0
34 32
6 20
40 49
8 27
23 46
31 18
13 26
7 43
26 23
35 42
15 8
23 18
35 24
48 40
29 41
43 32
16 47
7 24
23 37
39 2
24 44
15 11
15 13
31 8
24 6
47 35
35 42
17 35
35 16
22 27
38 24
32 0
24 16
45 6
30 23
31 25
40 28
2 40
5 23
27 9
8 5
47 47
25 21
14 7
3 8
46 11
11 24
27 43
35 47
26 28
12 40
13 12
0 36
35 9
36 18
8 26
24 10
19 31
41 34
6 9
18 8
36 48
2 32
4 21
10 12
43 28
20 41
20 14
6 33
29 2
36 43
5 14
47 48
1 47
40 3
15 21
36 11
20 7
14 33
43 14
29 20
38 22
7 11
16 29
5 43
24 12
40 0
43 37
14 0
41 14
30 27
31 26
42 22
7 46
25 32
1 8
44 44
29 42
1 23
27 2
31 47
46 17
31 13
23 48
20 1
40 47
33 31
28 22
8 7
47 28
32 2
15 20
20 2
36 17
48 7
26 5
2 33
21 38
41 33
22 33
1 10
42 24
41 34
3 46
10 44
15 5
27 46
17 8
35 26
16 48
47 29
5 4
19 23
24 34
31 40
36 39
49 29
44 26
46 15
24 49
5 43
46 48
27 43
25 45
31 10
34 1
36 49
9 5
49 49
21 11
44 17
15 26
10 37
1 22
3 1
6 6
14 41
21 45
24 33
34 32
9 10
19 30
4 49
37 47
12 16
11 4
28 5
13 4
40 49
30 22
11 31
1 34
3 30
34 5
31 27
37 29
38 13
40 6
16 47
48 4
40 12
19 29
35 24
26 1
6 35
40 37
0 11
48 2
39 39
39 38
11 39
39 38
46 8
22 27
24 14
31 4
29 5
17 38
49 23
24 46
39 11
34 38
29 33
4 9
22 30
13 41
15 11
17 34
25 24
3 49
15 18
23 30
4 44
12 27
15 46
24 30
28 5
4 13
0 43
20 9
31 35
27 1
41 6
15 8
47 46
19 1
7 8
9 21
20 24
0 1
4 39
43 21
41 6
5 40
18 10
8 34
38 11
16 16
9 4
41 31
10 44
30 37
27 6
0 14
32 32
14 37
49 19
16 6
48 33
23 7
38 24
21 24
6 6
30 45
13 18
5 5
35 11
14 4
36 26
43 2
11 30
35 2
46 49
6 12
15 6
40 15
21 5
43 11
29 19
6 26
12 47
44 10
22 19
38 47
1 8
0 19
44 47
48 48
5 19
27 27
30 14
41 3
49 9
16 20
9 42
16 20
39 9
33 44
18 3
16 48
13 43
24 42
42 20
8 27
8 0
38 25
37 12
49 0
11 5
5 44
1 44
33 40
4 46
1 18
36 35
14 13
30 45
4 41
45 18
35 7
16 7
5 37
11 30
20 44
49 30
9 45
35 16
30 47
25 13
37 42
38 11
9 25
1 39
6 26
28 18
11 17
37 17
14 37
31 1
17 18
10 15
18 25
43 19
4 46
1 21
12 1
44 8
45 24
5 11
5 22
36 27
9 43
40 44
8 47
14 15
14 40
48 10
42 17
4 36
41 28
6 17
10 48
35 27
29 21
1 24
33 11
10 0
45 7
39 22
13 5
18 6
41 36
19 10
2 25
25 25
34 11
15 37
10 2
31 41
26 14
44 1
45 44
7 41
47 37
47 25
42 40
24 48
36 16
2 24
2 3
47 2
4 32
26 38
7 10
9 14
30 14
0 7
34 4
37 44
40 24
28 11
32 30
35 22
48 6
9 44
15 28
24 36
33 27
17 3
11 25
31 37
11 10
19 35
44 13
12 23
37 9
4 25
27 30
41 15
17 19
46 21
5 6
37 15
45 1
31 1
49 7
2 25
36 8
36 43
14 16
20 10
12 48
30 13
36 43
9 3
6 32
2 42
19 48
46 2
21 22
44 5
5 11
45 0
48 20
24 19
17 37
44 32
45 28
39 22
43 40
22 25
19 17
25 48
48 10
39 43
3 48
29 35
30 38
48 34
0 36
44 13
37 8
44 41
7 38
26 26
46 11
9 45
28 48
34 2
28 15
33 45
6 37
23 12
48 48
20 25
40 27
36 21
35 28
21 8
29 30
26 39
16 23
32 0
39 9
16 35
24 31
19 15
6 0
18 13
34 26
37 29
13 15
5 15
45 37
14 43
15 25
23 1
23 0
4 0
42 24
42 12
23 14
47 39
25 17
20 11
47 49
13 26
14 15
46 33
18 34
13 16
40 8
25 19
13 13
15 6
35 13
29 22
15 11
20 9
40 6
9 35
43 19
31 19
13 2
8 19
0 10
40 26
46 40
4 47
16 2
2 29
48 30
14 33
0 23
34 25
27 3
27 37
0 9
34 25
31 31
14 2
18 11
17 9
48 37
20 6
12 21
49 16
24 30
42 37