50
20 45
9 34
41 13
32 36
14 31
40 31
27 30
35 1
47 46
10 22
0 40
43 17
29 45
43 24
46 31
47 39
31 6
43 13
46 7
42 31
13 44
26 20
19 20
2 17
34 47
16 49
9 40
19 11
16 27
28 6
38 35
42 18
22 33
18 48
28 36
42 23
44 26
40 41
42 24
47 36
30 20
40 0
7 49
26 46
8 42
24 22
27 18
11 20
3 29
18 5
12 46
19 1
25 25
43 14
10 42
11 37
4 38
15 10
21 32
43 45
14 11
14 23
9 6
12 22
37 7
49 45
35 11
15 29
32 9
44 16
5 18
24 45
31 25
7 17
28 16
31 48
29 36
2 3
11 23
37 43
34 47
25 13
2 31
41 1
42 36
12 13
4 16
19 2
29 40
25 8
23 0
18 4
14 17
38 33
13 38
17 0
37 31
2 28
29 40
9 20
13 27
23 42
11 29
3 3
3 31
5 5
22 32
18 33
5 10
30 47
45 18
28 34
27 21
45 42
15 15
10 10
9 27
18 42
49 36
24 25
10 15
22 13
32 42
23 8
4 10
9 23
46 35
31 7
18 32
35 2
2 20
41 39
13 4
16 22
3 5
21 20
33 49
48 2
4 29
11 9
37 41
48 48
39 25
11 33
9 12
15 36
25 8
47 30
16 18
28 33
22 49
41 36
22 23
10 26
6 47
48 44
28 24
42 42
34 44
1 47
18 32
21 6
32 10
20 14
37 11
48 6
12 33
44 2
34 35
6 24
38 20
25 24
24 49
38 49
2 10
24 48
21 16
33 36
14 6
31 48
30 20
48 30
2 17
5 38
37 5
30 33
40 28
43 8
12 18
12 7
5 21
9 37
28 37
43 34
31 12
42 14
12 31
28 12
14 16
43 43
2 39
38 30
13 7
27 35
13 25
29 2
37 32
17 7
7 48
49 32
18 12
34 39
29 43
42 49
1 26
8 29
44 41
15 49
46 41
13 27
42 4
49 21
31 3
8 9
19 17
2 33
46 49
42 13
4 6
20 15
32 26
20 34
34 34
4 35
33 38
27 7
15 26
17 42
2 3
6 42
35 17
13 27
28 32
41 45
15 18
48 36
27 2
34 5
15 10
19 38
16 46
41 15
26 20
26 12
47 17
33 16
47 24
20 34
12 1
27 6
9 28
23 29
49 0
12 13
44 48
47 6
25 25
23 23
9 12
13 36
46 48
34 39
40 22
4 45
21 4
40 3
39 11
30 47
23 5
22 45
24 48
47 23
17 11
39 40
12 26
15 34
26 28
17 22
38 41
6 10
13 22
33 45
18 7
11 45
18 32
5 28
18 9
13 37
7 9
37 15
27 20
22 10
9 10
44 23
45 23
34 41
3 49
10 13
28 45
23 18
6 36
22 7
28 41
42 23
49 2
22 39
44 32
14 36
35 9
1 32
7 47
43 46
33 43
29 0
9 34
36 12
43 11
46 20
23 22
14 12
18 33
16 0
32 42
9 35
8 42
49 49
38 38
9 33
40 22
31 5
11 3
36 22
4 34
10 20
17 24
5 49
31 4
17 10
15 42
12 3
24 34
3 22
1 41
9 15
27 41
27 11
31 22
39 39
49 17
5 15
8 18
17 6
48 4
7 6
14 26
25 16
19 36
46 15
6 12
11 45
28 37
34 31
21 44
23 0
43 22
1 38
31 15
24 38
13 37
40 36
19 17
47 37
16 6
18 20
49 30
11 48
19 12
18 6
29 19
12 16
6 3
2 23
20 19
5 33
29 11
11 27
22 34
0 23
18 19
5 43
19 6
28 11
5 42
11 32
49 30
5 20
13 6
11 24
36 4
18 15
1 46
28 0
19 34
13 47
36 32
29 25
35 27
34 43
48 13
11 24
0 31
8 47
15 44
4 47
38 25
19 2
8 21
34 38
0 47
47 31
41 12
4 42
31 4
35 47
22 3
47 7
27 7
37 42
38 4
38 0
12 39
47 5
17 8
47 3
9 43
28 42
3 35
47 44
43 27
33 3
2 48
4 38
41 18
17 21
41 23
45 42
2 16
31 43
20 2
16 49
23 19
1 45
48 45
15 13
2 38
3 36
35 12
31 38
13 32
40 18
43 30
15 33
37 2
36 9
17 45
25 35
21 11
49 9
3 4
31 13
37 19
15 16
41 33
10 7
35 33
49 3
15 46
33 18
46 33
25 43
9 29
16 42
4 13
10 34
26 41
2 20
13 32
41 27
28 35
0 17
23 22
36 18
39 46
24 20
15 20
15 14
37 34
8 9
0 6
13 48
30 27
8 31
15 13
43 2
28 10
5 27
44 45
2 24
38 48
1 31
29 14
49 48
14 17
46 47
8 31
30 17
37 45
2 39
23 33
26 3
21 25
8 10
28 43
37 11
19 38
15 12
8 19
14 18
39 31
44 36
21 3
8 47
37 49
21 2
21 49
45 23
0 19
18 21
19 2
16 11
14 30
29 35
26 10
49 23
41 46
40 29
32 19
0 45
0 16
19 25
36 0
31 17
30 30
23 37
16 7
40 13
28 44
39 24
33 18
35 15
4 16
47 37
4 39
0 36
37 4
7 37
1 5
46 6
4 5
5 9
11 21
22 21
25 24
19 3
21 11
46 10
39 12
5 37
5 41
16 19
32 37
2 25
36 26
40 48
16 21
3 39
18 6
19 41
35 17
26 38
11 26
44 40
17 19
23 12
29 11
48 15
11 1
18 34
46 38
19 43
2 13
49 14
33 44
20 31
22 2
24 16
22 21
39 16
37 44
18 19
28 24
27 49
25 22
26 12
18 31
40 43
25 9
48 1
17 12
24 5
46 39
2 31
47 7
36 12
39 6
4 6
7 46
34 24
4 11
30 31
32 7
21 33
35 12
41 29
37 45
42 6
39 8
8 27
42 11
44 10
48 49
48 44
12 22
23 28
2 9
10 17
8 0
49 26
10 0
40 29
43 25
18 46
34 14
11 42
18 47
35 25
39 2
30 43
46 2
46 2
16 15
25 33
18 35
2 33
29 22
18 25
15 6
25 47
44 14
10 2
35 6
45 45
27 23
45 7
8 11
8 13
46 4
37 25
9 19
28 1
40 20
30 45
31 13
3 15
39 25
11 15
38 6
35 38
5 45
29 27
15 9
17 11
24 25
27 6
40 12
47 35
30 26
39 24
34 26
46 11
0 24
48 38
42 41
48 11
49 17
46 47
13 9
5 0
46 12
21 36
22 25
2 26
28 33
47 20
46 40
20 23
10 7
3 28
35 22
14 29
10 17
0 46
41 43
45 48
49 40
46 4
5 48
17 9
46 44
29 32
12 21
24 39
41 19
13 28
24 19
46 22
8 24
42 37
2 6
24 46
42 11
38 12
2 39
27 28
28 14
10 29
32 10
13 20
21 19
7 39
25 7
5 17
37 37
35 15
18 25
38 15
39 41
3 12
33 0
4 48
28 36
16 28
43 13
39 48
44 0
47 14
36 28
1 32
34 49
2 24
24 19
39 21
8 43
12 7
40 42
46 16
20 32
9 19
8 47
27 49
4 27
47 22
14 4
49 40
29 27
14 26
48 17
30 1
20 40
41 32
27 19
23 40
29 41
11 0
25 11
0 28
49 5
12 12
5 9
14 34
14 19
22 9
3 21
3 48
46 22
25 43
18 1
41 41
27 41
26 25
3 31
30 41
2 35
34 37
32 6
8 16
24 13
0 29
37 21
22 25
1 3
43 7
7 38
24 42
13 40
6 8
40 21
1 36
41 29
30 9
43 3
33 5
6 32
16 30
11 18
43 0
44 39
33 14
45 18
14 23
37 17
25 45
12 34
44 23
28 7
0 20
42 47
8 14
8 29
15 30
44 27
42 22
12 47
47 21
13 24
16 14
19 28
46 32
17 10
10 47
2 6
9 11
29 38
3 48
9 8
17 47
17 29
0 31
43 9
26 37
0 43
20 26
30 40
5 9
8 43
29 46
4 31
25 1
5 42
2 18
40 19
34 20
30 13
9 20
17 17
31 41
32 32
1 28
34 27
37 11
5 6
3 7
39 24
6 5
48 28
29 8
32 19
14 14
10 32
42 33
44 15
39 31
46 15
33 14
33 49
23 44
8 24
3 9
20 35
24 28
5 29
2 12
3 40
12 26
42 38
49 13
10 49
38 14
48 22
26 7
5 23
11 22
40 40
44 38
47 25
15 15
46 27
38 8
49 22
20 29
22 27
43 47
23 31
47 9
29 20
32 40
8 15
37 3
12 24
22 12
11 10
18 16
41 21
36 46
9 3
34 36
21 25
31 45
7 13
17 41
16 48
43 18
48 29
2 39
34 15
44 48
16 34
20 16
16 48
47 48
38 42
44 46
36 19
26 5
12 49
24 9
49 27
42 48
12 24
32 18
35 6
27 6
21 6
7 0
47 39
38 1
0 20
21 4
22 19
28 31
33 18
1 47
8 40
30 31
14 35
33 45
17 32
21 17
1 40
14 28