50
19 28
44 15
21 39
23 8
18 25
47 29
8 15
16 49
24 29
2 48
22 11
36 17
20 45
9 12
35 26
2 20
43 46
31 34
27 26
27 29
39 13
18 29
26 9
5 40
11 7
3 32
46 38
24 26
34 25
30 9
36 44
40 0
36 31
39 26
0 27
3 32
14 21
38 16
42 45
9 22
10 48
44 42
44 24
18 1
35 30
17 3
47 43
44 12
3 17
37 32
13 19
22 11
24 47
18 9
6 15
40 0
24 10
15 6
28 7
19 6
21 28
26 43
10 28
4 20
36 13
11 27
38 17
24 20
43 5
0 45
14 45
48 21
6 14
26 5
6 30
18 48
39 17
8 1
46 46
47 49
26 0
22 31
40 38
16 12
23 9
36 1
11 3
44 36
49 20
19 1
28 23
26 15
41 20
35 35
9 36
49 37
45 8
26 7
27 0
42 41
47 13
37 3
37 43
23 7
6 13
22 34
48 10
40 43
26 5
30 8
43 7
17 36
9 37
41 5
26 46
29 7
4 22
38 17
26 17
47 41
46 6
13 10
14 16
39 18
13 24
49 33
27 16
39 1
34 0
43 29
28 19
9 25
39 12
7 3
18 4
33 30
15 25
11 43
2 5
13 3
31 34
46 33
28 40
3 42
8 11
26 47
45 31
25 22
15 45
35 5
32 37
5 35
33 47
16 38
39 34
0 40
45 13
16 7
33 6
15 23
29 24
20 31
28 9
49 27
26 32
35 4
1 28
2 3
22 1
9 4
36 0
29 19
27 29
46 33
6 8
21 30
35 46
26 47
22 34
22 32
17 7
23 37
28 28
44 36
8 0
12 44
9 31
28 6
8 12
16 7
8 36
43 14
44 1
17 22
47 21
21 29
11 45
12 4
40 45
49 35
49 11
27 1
1 1
35 25
45 4
14 20
45 10
23 2
43 49
39 30
42 45
27 46
24 31
34 46
0 16
39 45
49 5
23 7
30 16
29 18
30 46
38 25
47 28
27 48
48 4
5 39
40 44
35 9
21 34
9 11
27 46
16 26
32 26
32 29
25 46
3 44
36 34
36 12
27 27
10 46
21 14
47 34
10 12
21 29
17 30
0 3
36 15
41 46
46 43
35 26
16 38
15 11
12 8
36 4
38 3
26 38
42 13
6 23
36 20
42 46
38 26
20 38
30 28
41 34
9 13
14 37
16 33
47 22
2 23
25 23
35 4
11 39
22 49
2 3
5 45
4 26
45 21
2 3
38 10
21 5
36 48
15 14
2 42
31 42
25 29
4 39
2 17
27 46
47 36
23 31
30 27
47 30
13 38
14 7
21 30
32 29
16 28
1 20
6 6
21 25
26 22
21 5
2 23
35 42
10 22
11 38
15 1
18 49
24 0
1 7
40 26
33 37
40 8
2 21
28 10
49 2
24 45
35 28
7 26
11 24
28 5
13 24
29 10
9 40
17 24
8 23
1 32
22 13
24 3
20 28
31 5
45 49
47 14
37 37
14 33
28 15
1 6
8 44
16 14
26 36
13 43
40 23
40 4
46 42
17 11
31 1
22 33
28 17
43 8
34 33
3 4
31 21
14 0
18 26
1 30
29 45
19 37
23 48
25 6
1 8
35 35
21 46
30 0
10 2
1 2
43 17
22 49
27 27
0 10
24 28
17 16
7 20
10 36
31 49
9 39
12 34
18 44
34 41
29 47
39 12
30 18
46 17
44 20
46 41
6 14
21 31
34 5
40 33
43 15
31 36
35 29
21 45
28 30
27 28
11 24
26 8
25 27
38 3
32 3
49 20
34 22
18 24
35 18
22 5
1 37
20 44
4 28
46 1
17 34
29 45
18 27
0 10
41 21
20 46
17 33
41 5
39 39
42 0
27 16
41 19
41 1
41 17
8 42
42 30
27 38
22 6
45 48
35 32
7 30
35 41
36 34
5 12
45 30
13 8
34 15
21 47
32 49
37 20
7 34
35 45
36 34
16 27
14 27
44 13
31 4
2 0
34 12
0 25
36 10
22 35
20 24
3 24
33 21
16 11
35 47
9 38
20 21
13 40
3 32
6 6
6 8
28 5
18 32
29 3
17 14
49 44
41 33
12 38
0 32
42 47
28 23
33 40
14 33
11 2
17 48
16 13
45 29
29 18
2 15
49 28
20 1
14 26
44 31
13 17
3 40
47 36
26 7
10 16
16 5
35 47
10 30
32 18
14 2
2 29
40 49
41 2
5 39
36 18
31 21
25 46
20 30
46 0
31 19
10 37
22 20
10 18
4 31
45 20
33 14
18 12
23 44
42 40
37 37
1 29
30 12
1 16
4 30
21 6
9 40
23 44
29 19
17 47
23 44
5 41
32 6
4 28
48 6
14 15
8 42
47 1
42 46
29 26
36 11
25 40
42 22
37 33
20 44
25 1
28 29
43 15
27 3
42 34
19 10
5 3
19 10
31 16
25 34
26 46
41 5
20 24
34 2
0 18
34 43
49 10
3 38
24 1
7 13
47 21
19 47
29 44
44 12
5 12
29 30
31 43
33 29
23 40
44 45
35 41
18 26
47 12
27 37
31 14
49 10
5 20
26 42
10 3
26 33
33 3
28 38
24 7
15 45
36 49
9 10
30 9
7 46
42 31
28 47
37 1
32 49
34 4
46 36
44 33
8 10
18 44
44 43
24 38
43 7
48 38
27 45
42 23
12 7
39 7
20 16
43 41
41 8
45 43
28 48
18 1
20 43
23 28
36 39
34 32
33 6
0 33
9 8
47 42
48 28
29 24
7 14
16 43
31 11
2 10
2 15
13 37
0 44
1 34
39 19
0 46
16 8
6 7
48 20
19 33
29 5
10 8
43 49
27 16
38 22
5 17
26 16
25 41
6 7
28 43
15 40
19 24
47 29
4 29
9 43
21 32
29 5
17 45
35 11
33 8
17 48
3 35
47 7
36 8
39 9
40 46
12 48
36 7
49 44
20 8
8 17
31 3
0 2
2 5
45 24
19 48
22 27
12 23
14 37
5 47
9 43
24 45
1 8
48 9
12 18
25 30
41 16
19 45
16 36
26 7
5 33
48 38
22 36
23 21
1 19
43 44
29 14
46 45
9 27
9 6
33 25
49 45
8 12
29 37
15 43
37 19
0 7
47 40
1 9
18 21
9 44
21 17
38 21
38 25
37 24
45 24
35 18
8 0
11 13
0 23
11 3
30 11
39 38
45 3
37 48
16 36
9 6
23 49
19 37
8 1
20 20
28 32
21 43
4 37
13 37
12 12
25 8
14 9
40 25
1 5
47 33
29 3
42 48
18 6
39 49
27 47
4 29
40 47
38 6
9 28
40 42
42 26
23 14
24 38
23 14
19 30
42 31
16 6
44 7
16 16
9 49
20 9
18 42
42 36
39 25
35 12
41 20
28 35
6 16
2 28
4 7
9 16
18 40
1 31
34 8
30 23
2 20
23 4
4 26
49 16
41 6
43 49
48 30
38 27
39 31
5 9
6 21
16 13
45 2
36 19
35 46
45 3
15 43
15 15
38 30
2 29
47 39
30 48
44 29
5 34
43 9
20 44
38 5
10 1
14 2
11 11
37 25
44 45
12 43
17 31
33 40
38 14
38 46
15 11
44 17
14 25
7 39
34 33
17 36
9 31
9 28
48 4
46 4
48 43
45 27
26 39
15 46
35 0
1 14
49 34
23 41
33 45
1 29
18 2
18 26
20 7
38 17
29 9
39 9
40 25
23 30
19 8
28 33
27 48
21 24
45 15
2 18
28 23
10 43
40 31
33 15
20 19
29 22
2 16
33 23
34 14
5 29
27 35
17 15
35 6
25 22
4 44
40 31
26 23
38 9
36 39
45 26
14 38
14 43
32 26
34 17
19 6
25 15
15 14
0 47
29 37
40 34
22 38
3 7
48 9
2 37
26 14
10 30
12 7
12 17
40 12
10 40
28 3
12 30
49 1
11 13
33 17
34 1
46 29
41 20
41 34
21 14
35 20
18 32
2 30
40 36
10 13
28 26
3 49
1 41
32 8
3 18
13 27
39 17
38 33
20 41
41 36
25 16
12 16
13 38
43 33
27 38
13 34
20 11
29 36
28 4
44 44
47 29
45 6
49 22
41 48
46 24
11 22
27 14
18 6
38 48
35 27
36 25
38 4
47 47
8 30
16 3
15 29
41 23
45 39
17 17
26 1
49 49
13 49
29 34
20 10
39 26
28 25
18 34
18 49
49 20
48 15
19 31
7 34
48 48
42 33
7 43
48 34
37 25
39 32
1 4
22 1
40 32
41 30
15 26
4 48
30 34
4 35
14 14
24 20
22 36
26 42
44 43
39 16
4 17
45 30
9 31
7 30
36 1
46 40
17 42
49 30
2 22
21 38
8 22
34 34
33 24
20 18
46 15
46 6
40 8
40 4
38 28
40 35
43 32
25 33
0 46
38 1
23 9
49 13
19 49
39 13
49 23
42 2
18 3
6 1
8 11
49 7